,10,249,266,31,575,25,250,251,252,253,254,255,256,257,258,259,26,260,261,262,263,264,265,267,268,269,27,270,271,272,273,274,275,276,277,278,279,28,29,3,30,4,5,559,560,561,562,563,564,565,566,567,568,569,570,571,572,573,574,576,577,578,579,580,581,582,583,584,585,586,587,588,589,6,7,8,9,11,12,13,14,15,16,17,18,19,2,20,21,22,23,24,1
10,0.0030226562499999794,0.002077524038461543,0.0015413602941176485,0.0016413352272727248,0.0018281249999999927,0.0013984375,0.001978124999999996,0.0021141826923076947,0.0017957031249999978,0.0020266544117647106,0.0016000976562499946,0.0019269531249999957,0.0015698242187499947,0.00209224759615385,0.0017622070312499948,0.0018167968749999955,0.0014782986111111132,0.0016304687499999978,0.0019011418269230798,0.0016844951923076943,0.0016540798611111142,0.0016769531249999966,0.0015468750000000014,0.0017431066176470608,0.0017151041666666675,0.0021610576923076974,0.0014814453124999967,0.0018114583333333342,0.0017867647058823555,0.0014609375000000028,0.0017437499999999994,0.0016361607142857159,0.001932617187499995,0.0016883680555555582,0.0017235243055555567,0.0019286458333333334,0.0017333984374999934,0.0015000000000000024,0.0016775568181818152,0.001794531249999996,0.0016257812500000007,0.0017328125000000013,0.002463068181818183,0.0017548076923076929,0.0017914062499999972,0.0020510817307692344,0.0020081845238095215,0.002012499999999997,0.0019235197368421054,0.002107954545454546,0.0017947916666666659,0.0021855468749999944,0.0019777343749999986,0.002201636904761905,0.0015432692307692317,0.002115624999999996,0.0016323242187499933,0.0018627929687499915,0.0016985294117647094,0.0018374023437499937,0.001586538461538462,0.0018767361111111137,0.002200994318181817,0.0018501838235294142,0.0016703125000000006,0.0016782226562499936,0.001614062500000001,0.0016378348214285737,0.0014941406249999998,0.0016456473214285733,0.0018076171874999917,0.0018337673611111152,0.001775390624999992,0.0015835336538461548,0.0023650841346153895,0.001718149038461541,0.0018914062499999977,0.0018221153846153856,0.0017842548076923087,0.0022836538461538498,0.0017298177083333328,0.0011863839285714273,0.0020309495192307727,0.001426339285714285,0.002113882211538464,0.0016506696428571473,0.0015216346153846148,0.0014036458333333364,0.002300480769230772,0.0013671875000000023,0.0015069444444444464,0.0017242187499999996,0.0016977163461538464
249,0.002077524038461543,0.0030778476331360834,0.0019000989819004455,0.0016755900349650283,0.0019294621394230803,0.0014459134615384653,0.0021319110576923143,0.002362703402366859,0.0021763822115384666,0.0023013291855203547,0.0019711538461538477,0.00237229567307693,0.001903170072115387,0.002474343565088752,0.0019572566105769264,0.0020099158653846204,0.001350160256410253,0.0018446514423076975,0.0022707100591715947,0.0019975036982248506,0.0019911858974359016,0.0020114182692307753,0.0018144030448717897,0.002245828619909494,0.0018024839743589738,0.0021648483727810613,0.0012289663461538492,0.0017099358974358978,0.001990950226244337,0.0017628205128205102,0.002019631410256413,0.001884014423076918,0.0021961388221153795,0.0017771768162393193,0.0020809962606837683,0.0017668269230769224,0.0018479567307692346,0.001479700854700852,0.0016537368881118818,0.002006310096153851,0.0016436298076923123,0.0018826121794871791,0.002362325174825168,0.0017474112426035472,0.00202073317307693,0.0022242511094674507,0.0020821886446886367,0.0020330528846153914,0.002042320344129564,0.002177119755244748,0.0019887820512820547,0.002231971153846161,0.0019471153846153894,0.0021975160256410137,0.0015416974852070974,0.0019996995192307744,0.0016511418269230804,0.0016669170673076967,0.001790511877828044,0.0019790414663461557,0.0016974852071005885,0.0019901842948718005,0.0022723630536130466,0.0018626272624434315,0.0018497596153846142,0.0018314302884615422,0.0016117788461538468,0.0019256524725274682,0.0016476362179487134,0.0017625343406593344,0.001752929687500003,0.00195379273504274,0.0019189453125000035,0.0017358542899408253,0.002469027366863902,0.0017982618343195234,0.0019942908653846204,0.002009522928994081,0.0016974852071005892,0.0022443602071005875,0.001739282852564098,0.0013367101648351606,0.0021391919378698195,0.0014766483516483468,0.0022561482988165665,0.0016268887362637314,0.0016711353550295837,0.0014763621794871764,0.0021486686390532524,0.0013401442307692268,0.0015104166666666634,0.0016105769230769249,0.001624445266272186
266,0.0015413602941176485,0.0019000989819004455,0.0033261245674740796,0.0016502339572192577,0.0019025735294117582,0.001265624999999997,0.0022146139705882415,0.002191742081447954,0.0021401654411764785,0.002118836505190317,0.002205307904411757,0.002305147058823538,0.0023466222426470514,0.0018117222850678673,0.002051930147058816,0.001863051470588241,0.0015686274509803945,0.002482077205882362,0.001985294117647051,0.001919541855203621,0.002144097222222215,0.0020753676470588287,0.0019630821078431343,0.002280493079584777,0.0019497549019607814,0.0018460124434389064,0.0011500459558823556,0.0018743872549019554,0.0021242430795847794,0.0016727941176470603,0.0021096813725490215,0.001832983193277314,0.0020944393382352888,0.0021456290849673158,0.002168607026143786,0.0018645833333333275,0.00207490808823529,0.0013592728758169959,0.00174381684491979,0.0017118566176470636,0.001512867647058822,0.0017769607843137203,0.0016719585561497392,0.0017576357466063358,0.0018635110294117705,0.001881009615384609,0.002130164565826322,0.0017532169117647116,0.002181695046439626,0.001979027406417121,0.0019454656862745035,0.0019002757352941217,0.001752757352941182,0.002073266806722683,0.001744909502262446,0.0019857536764705933,0.0019669117647058755,0.00184455422794117,0.001757136678200695,0.0017066865808823498,0.0017406674208144811,0.0017437704248366044,0.0018674799465240614,0.0017263192041522535,0.001723651960784308,0.001733111213235288,0.0015790441176470528,0.0016386554621848758,0.0015594362745098005,0.0018178834033613478,0.0016492417279411718,0.0018285334967320294,0.001686006433823524,0.0016480486425339373,0.001833993212669677,0.0016395644796380106,0.0016534926470588272,0.0015674490950226257,0.0017123868778280552,0.0018124292986425286,0.0018183210784313694,0.0013314075630252082,0.0018619202488687726,0.0013878676470588213,0.0017802601809954685,0.001741071428571432,0.0016346153846153867,0.001567606209150328,0.0017742505656108544,0.001368464052287585,0.0014756944444444468,0.0014531249999999974,0.0014423076923076941
31,0.0016413352272727248,0.0016755900349650283,0.0016502339572192577,0.00284349173553721,0.0017116477272727296,0.0012315340909090846,0.0018955965909090873,0.0020312499999999914,0.0015291193181818153,0.001712065508021398,0.0016432883522727291,0.0018913352272727241,0.0015820312500000027,0.0016510052447552392,0.0015207741477272756,0.0014517045454545423,0.001508838383838386,0.0017485795454545419,0.0017548076923076868,0.0015308129370629393,0.0017369002525252548,0.0014275568181818154,0.0016003787878787897,0.001750501336898401,0.0016600378787878832,0.0017624562937062875,0.0014240056818181771,0.0016335227272727309,0.0016828208556149795,0.0013494318181818201,0.0017803030303030329,0.0015807629870129845,0.0017950994318181837,0.0018955176767676792,0.0017566287878787905,0.001669507575757581,0.0017489346590909096,0.0014535984848484864,0.0018969524793388487,0.001607954545454543,0.0015696022727272683,0.0015946969696969747,0.0018963068181818213,0.0013887674825174856,0.0017919034090909055,0.0017012674825174774,0.001969020562770562,0.0016278409090909054,0.0017987440191387604,0.0018666064049586803,0.001589015151515156,0.0016683238636363618,0.0017038352272727244,0.0019365530303030282,0.0016411713286713318,0.0016534090909090886,0.0014595170454545464,0.0017471590909090924,0.0015733622994652484,0.0018066406250000012,0.0014466783216783242,0.001628787878787881,0.0016808712121212102,0.0017496657754010765,0.001493371212121217,0.001467507102272732,0.0014450757575757615,0.0015706168831168777,0.00144412878787879,0.0016558441558441519,0.001601562500000001,0.001815814393939397,0.0015527343750000027,0.001354895104895107,0.0017821241258741186,0.0015843531468531498,0.0016335227272727243,0.001602928321678325,0.001678321678321681,0.0017903190559440494,0.001861979166666669,0.0012317370129870146,0.0017914117132867059,0.0015584415584415604,0.0017023601398601343,0.0015188717532467497,0.001394230769230772,0.0014930555555555582,0.0017673732517482451,0.0014851641414141436,0.001601957070707073,0.0015255681818181776,0.0013986013986014023
575,0.0018281249999999927,0.0019294621394230803,0.0019025735294117582,0.0017116477272727296,0.0028649902343749582,0.001409179687499994,0.0019306640624999918,0.0021859975961538336,0.0018315429687499921,0.001895680147058817,0.001854248046875004,0.0020375976562500026,0.0018438720703125048,0.0017949969951923115,0.001711425781250004,0.0017143554687499918,0.0016015624999999969,0.0019042968749999924,0.0019009164663461571,0.0016781850961538492,0.0017947048611111137,0.0017119140624999936,0.0017399088541666617,0.0020909926470588183,0.0015638020833333315,0.0020203575721153754,0.0012622070312499974,0.0018072916666666658,0.0018100873161764682,0.0015635850694444419,0.0018079427083333324,0.001823381696428568,0.002047729492187496,0.0019373914930555576,0.0018505859375000033,0.001996744791666664,0.0017559814453125015,0.0013704427083333294,0.0015207741477272733,0.001840332031249993,0.0015742187499999942,0.0016471354166666618,0.0020259232954545473,0.0016225961538461572,0.0018916015624999914,0.0018257962740384657,0.002079613095238087,0.0017563476562499926,0.002008634868421045,0.0019331498579545478,0.0018339843749999975,0.0020341796875000054,0.0018325195312499905,0.002190290178571419,0.0015872896634615418,0.002037597656250002,0.0017639160156250053,0.0018023681640625055,0.0017830882352941092,0.0019128417968750045,0.0016548978365384661,0.0018500434027777814,0.001836233428030298,0.0018956801470588192,0.0016041666666666641,0.001696166992187505,0.001574218749999997,0.0016413225446428542,0.001559244791666661,0.0017389787946428534,0.001669311523437504,0.0019173177083333394,0.0017663574218750048,0.0015940504807692346,0.0020094651442307612,0.0017803485576923126,0.0017441406249999922,0.0016789362980769269,0.0015880408653846181,0.001831054687500005,0.0016870117187499935,0.0013825334821428539,0.0019024188701923135,0.0016294642857142827,0.0019110576923076956,0.0018282645089285666,0.0015707632211538498,0.0015310329861111074,0.001989182692307685,0.001344401041666663,0.0014854600694444407,0.0014599609374999936,0.0015422175480769267
25,0.0013984375,0.0014459134615384653,0.001265624999999997,0.0012315340909090846,0.001409179687499994,0.002346874999999977,0.0013499999999999949,0.0014104567307692357,0.0013976562499999937,0.0014237132352941159,0.0011855468749999958,0.0013218749999999954,0.0012705078124999923,0.0015126201923076961,0.0012666015624999945,0.0013406249999999952,0.001123263888888893,0.0012609374999999962,0.0013347355769230825,0.0012824519230769209,0.001241319444444449,0.001333593749999997,0.0011536458333333372,0.001454044117647057,0.0011395833333333373,0.0014332932692307744,0.0010878906250000007,0.00124479166666667,0.001329044117647056,0.0012013888888888938,0.0012416666666666722,0.0012265624999999978,0.0013369140624999941,0.0014991319444444492,0.001520833333333337,0.0014020833333333387,0.001267578124999994,0.0011736111111111157,0.0011846590909090871,0.0015312499999999964,0.0011859375000000027,0.001221875000000005,0.0016313920454545424,0.001162259615384613,0.001380468749999994,0.0014248798076923112,0.0015334821428571407,0.0013734374999999958,0.0015049342105263222,0.0014609374999999957,0.001477083333333339,0.0015820312499999956,0.0013789062499999939,0.0015744047619047593,0.0012103365384615351,0.0014609374999999954,0.0012802734374999915,0.001302734374999992,0.0013621323529411742,0.001297851562499994,0.001247596153846149,0.0014652777777777826,0.0014682765151515192,0.0013823529411764678,0.0012541666666666723,0.0012001953124999942,0.0013239583333333395,0.0013180803571428547,0.0013125000000000036,0.0011562499999999984,0.0013466796874999935,0.0012274305555555589,0.001320312499999995,0.0012632211538461514,0.0016237980769230808,0.0013822115384615362,0.0013445312499999968,0.0012487980769230744,0.0012764423076923048,0.0015120192307692358,0.0012434895833333373,0.0010535714285714272,0.001497596153846159,0.001229910714285713,0.0015691105769230806,0.0015145089285714263,0.0012932692307692283,0.0012361111111111162,0.0014807692307692347,0.0012170138888888936,0.0011163194444444486,0.0013968750000000042,0.00125120192307692
250,0.001978124999999996,0.0021319110576923143,0.0022146139705882415,0.0018955965909090873,0.0019306640624999918,0.0013499999999999949,0.0032914062499999797,0.0024035456730769292,0.002257812499999995,0.0022596507352941257,0.002030273437500001,0.0023261718749999927,0.002201171875000005,0.0020742187500000044,0.00202490234375,0.0019937499999999955,0.0014696180555555589,0.002155468749999995,0.0020997596153846205,0.0018467548076923116,0.00202647569444444,0.0019128906249999973,0.0018489583333333316,0.0023235294117647126,0.001984374999999998,0.002280348557692314,0.0012988281249999953,0.001955729166666665,0.0021934742647058895,0.0015772569444444464,0.002070833333333333,0.0018253348214285765,0.002171386718750004,0.0020338541666666612,0.0023294270833333266,0.002100520833333331,0.002063964843750001,0.001468750000000003,0.0020007102272727242,0.0018617187499999977,0.0017242187499999962,0.001968229166666666,0.002017400568181823,0.0018900240384615418,0.001963281249999997,0.0019771634615384655,0.002182663690476202,0.0019406249999999947,0.0021118421052631516,0.0021392045454545574,0.001851041666666664,0.001961328124999997,0.0018941406249999963,0.002247395833333349,0.001637019230769234,0.0020031249999999975,0.0017861328124999943,0.001811035156249993,0.001867647058823537,0.002043457031250004,0.001778245192307696,0.0019470486111111136,0.0021735321969697024,0.002004136029411772,0.0018567708333333322,0.0018061523437499934,0.0016421874999999985,0.0018108258928571479,0.0016536458333333312,0.0019508928571428646,0.001980468750000002,0.0020525173611111044,0.0018457031249999943,0.0017560096153846187,0.0020555889423076964,0.001689903846153849,0.001706640624999997,0.001825120192307696,0.001981370192307695,0.0019450120192307753,0.0017057291666666646,0.0013359374999999988,0.0019284855769230807,0.0013761160714285702,0.001926682692307696,0.0017193080357142919,0.0017475961538461558,0.0014835069444444468,0.0022716346153846207,0.0013541666666666697,0.0015468750000000046,0.0015781249999999977,0.0015931490384615415
251,0.0021141826923076947,0.002362703402366859,0.002191742081447954,0.0020312499999999914,0.0021859975961538336,0.0014104567307692357,0.0024035456730769292,0.00347540680473372,0.0021607572115384705,0.0023260746606334724,0.0022359525240384505,0.0026231971153846236,0.0021608323317307597,0.0023284948224852023,0.002014347956730758,0.002133112980769238,0.0017287660256410213,0.0022944711538461595,0.002354613535502956,0.002064996301775145,0.002246594551282056,0.0019221754807692338,0.002109374999999993,0.0022878959276018025,0.001965544871794876,0.0022797244822485175,0.0015542367788461571,0.0022171474358974467,0.002282239819004515,0.0018830128205128175,0.0022836538461538576,0.00217204670329671,0.002234450120192298,0.002110042735042741,0.002188167735042742,0.00207772435897437,0.0021356670673076837,0.0016499732905982866,0.0019684222027971975,0.0020402644230769294,0.0017704326923076966,0.0020825320512820635,0.002298951048951041,0.0019406434911242582,0.0022244591346153894,0.002257072855029581,0.0022676282051281938,0.0021186899038461624,0.0022858679149797673,0.0023142482517482443,0.002051282051282064,0.0022253605769230853,0.002160456730769237,0.0025154532967032813,0.0017880917159763276,0.0021742788461538527,0.0019238281250000043,0.0019899338942307634,0.0020637726244343794,0.0022513521634615293,0.0017284578402366835,0.0021057024572649625,0.002304050116550112,0.0020803874434389036,0.0019855769230769306,0.001863731971153851,0.0018401442307692303,0.0018415178571428521,0.00174379006410256,0.0020205185439560475,0.001982046274038456,0.0021417601495726593,0.0019020432692307748,0.0017705251479289922,0.0025288923816568012,0.002058062130177512,0.0019795673076923133,0.002011834319526625,0.002107525887573962,0.0022015994822485166,0.0019541266025640967,0.0015719436813186774,0.0021671597633136064,0.0017625343406593383,0.00220691568047337,0.0020355425824175877,0.0019068971893491102,0.0017240918803418774,0.0024392104289940775,0.0015050747863247834,0.0018095619658119624,0.001884615384615388,0.0018181397928994044
252,0.0017957031249999978,0.0021763822115384666,0.0021401654411764785,0.0015291193181818153,0.0018315429687499921,0.0013976562499999937,0.002257812499999995,0.0021607572115384705,0.0029249999999999793,0.0022945772058823605,0.0020610351562500035,0.0022070312499999955,0.0021601562500000054,0.0022493990384615447,0.0021738281250000026,0.0018457031249999956,0.0013263888888888917,0.0021164062499999963,0.002023137019230774,0.002089543269230775,0.002173177083333327,0.0018089843749999972,0.0019472656249999972,0.0021488970588235358,0.0018026041666666661,0.0019756610576923124,0.0012275390624999951,0.001765104166666665,0.002132812500000008,0.001478298611111115,0.00212395833333333,0.0017572544642857181,0.0022016601562500045,0.0018437500000000032,0.0020355902777777707,0.0017463541666666654,0.001855468749999994,0.001270833333333336,0.001558238636363635,0.0016957031249999978,0.0016968749999999966,0.001777604166666664,0.0019857954545454627,0.0016784855769230802,0.001874609374999997,0.001934495192307697,0.0018880208333333303,0.001781640624999996,0.002042763157894732,0.0021505681818181953,0.0018088541666666663,0.0020433593749999983,0.0018359374999999973,0.002115699404761919,0.001514423076923081,0.0019214843749999972,0.0016645507812499945,0.001629394531249992,0.001569393382352949,0.001952636718749994,0.0017439903846153874,0.0017291666666666696,0.002014914772727278,0.0017794117647058874,0.0016671874999999987,0.0016953124999999926,0.0015197916666666656,0.0018013392857142922,0.0015963541666666648,0.0017868303571428625,0.0017128906249999937,0.0018415798611111146,0.0016567382812499927,0.0015492788461538495,0.002057391826923083,0.0016406250000000038,0.0017570312499999969,0.0016568509615384655,0.00175721153846154,0.001857872596153851,0.0016269531249999978,0.0012566964285714273,0.0018470552884615426,0.001302455357142855,0.001818509615384619,0.0015998883928571473,0.0016225961538461557,0.0013958333333333372,0.0018972355769230809,0.001249131944444448,0.0014522569444444479,0.001453124999999997,0.0015913461538461554
253,0.0020266544117647106,0.0023013291855203547,0.002118836505190317,0.001712065508021398,0.001895680147058817,0.0014237132352941159,0.0022596507352941257,0.0023260746606334724,0.0022945772058823605,0.0034958910034602426,0.0022920496323529343,0.002471507352941186,0.0022351792279411697,0.002343396493212662,0.0024034926470588155,0.001954503676470594,0.0014481209150326829,0.0022233455882352997,0.0023914734162895847,0.0021966911764705775,0.002335580065359469,0.0020013786764705934,0.0020496323529411806,0.0022242647058823557,0.0022947303921568673,0.002223911199095015,0.0012798713235294143,0.0020257352941176507,0.0022837370242214574,0.0017187500000000017,0.0024393382352941207,0.002006959033613449,0.0024896599264705834,0.002130310457516333,0.0024147263071895323,0.0020226715686274548,0.0022179457720588177,0.0013715277777777814,0.0016627673796791498,0.0020390625000000066,0.0018749999999999975,0.001947916666666661,0.0024669953208556225,0.0019393382352941185,0.0020317095588235387,0.0021677036199094922,0.0020430672268907484,0.00209375000000001,0.002141544117647053,0.0022175802139037535,0.0018884803921568574,0.002357536764705892,0.0021204044117647154,0.0023818277310924288,0.001472709276018101,0.0020781250000000075,0.0017158777573529364,0.001748621323529406,0.0018998702422145387,0.002072610294117642,0.0017456165158371067,0.002100183823529404,0.002192791889483074,0.002016111591695506,0.0020275735294117657,0.0017733226102941125,0.001650735294117641,0.002048319327731097,0.0016528799019607822,0.0019413077731092482,0.001825022977941171,0.002053717320261431,0.0017744715073529352,0.0018092477375565626,0.002445206447963792,0.001698246606334843,0.001910386029411771,0.0018997454751131248,0.0018438914027149326,0.0021125565610859653,0.0018190870098039175,0.0013983718487394939,0.0021507352941176373,0.0015388655462184866,0.002027361425339358,0.0016439075630252141,0.0017795531674208147,0.0016247957516339888,0.0021595729638008957,0.0014338235294117686,0.001674836601307192,0.001681066176470586,0.0017816742081447985
254,0.0016000976562499946,0.0019711538461538477,0.002205307904411757,0.0016432883522727291,0.001854248046875004,0.0011855468749999958,0.002030273437500001,0.0022359525240384505,0.0020610351562500035,0.0022920496323529343,0.0031042480468749657,0.002301269531250004,0.0020819091796874982,0.002135667067307684,0.002226562499999996,0.0019462890624999925,0.0014984809027777741,0.0021684570312500034,0.0021563251201923,0.0020057091346153883,0.002348090277777781,0.001919921874999993,0.001971842447916663,0.0020731847426470546,0.001779947916666665,0.0019538762019230796,0.001145019531249998,0.0017981770833333309,0.002063419117647051,0.0016243489583333312,0.0020436197916666645,0.0018798828124999972,0.0022247314453124945,0.0020345052083333382,0.0021603732638888922,0.0017252604166666638,0.0020074462890624996,0.0012022569444444418,0.0015571732954545476,0.0018129882812499935,0.0014980468749999935,0.0018313802083333311,0.0019318181818181838,0.0017134915865384655,0.0018354492187499932,0.0019305889423076959,0.001991257440476183,0.0017832031249999931,0.0020687705592105188,0.0019677734375000027,0.0017565104166666643,0.0019350585937499922,0.001888183593749993,0.0020707775297618978,0.0015354567307692356,0.001837402343749994,0.0016259765625000046,0.0017669677734375047,0.0016377527573529346,0.0018774414062500027,0.0015226862980769265,0.0018321397569444474,0.0018403764204545409,0.001715877757352937,0.0016276041666666648,0.0017010498046875048,0.0014147135416666648,0.0016803850446428532,0.0015421549479166623,0.001691545758928568,0.0015631103515625047,0.001781684027777782,0.001521606445312503,0.0016804387019230805,0.00204927884615384,0.0017059795673076967,0.001809082031249994,0.001654897836538467,0.0017916165865384667,0.0017499248798076962,0.0016805013020833293,0.0012569754464285693,0.001787109375000003,0.001506696428571425,0.0019118088942307722,0.0015645926339285683,0.001680438701923081,0.0014898003472222194,0.0019632662259615346,0.0013422309027777749,0.0013606770833333303,0.001448242187499994,0.0016428786057692366
255,0.0019269531249999957,0.00237229567307693,0.002305147058823538,0.0018913352272727241,0.0020375976562500026,0.0013218749999999954,0.0023261718749999927,0.0026231971153846236,0.0022070312499999955,0.002471507352941186,0.002301269531250004,0.003298437499999974,0.002157226562500007,0.0023593750000000047,0.0022919921875000047,0.0020281249999999948,0.0016163194444444506,0.002396874999999994,0.0023987379807692373,0.0020282451923076972,0.002352430555555547,0.001989843749999996,0.0021178385416666624,0.0022031250000000076,0.0019364583333333326,0.00209975961538462,0.0013076171874999937,0.0018765624999999987,0.002222886029411775,0.001797743055555559,0.0023145833333333304,0.00200223214285714,0.0022568359375000056,0.0019210069444444487,0.002346788194444437,0.0020270833333333313,0.0020522460937499993,0.0014053819444444487,0.0017258522727272689,0.0018726562499999963,0.0017093749999999965,0.001878124999999998,0.00231534090909092,0.0018010817307692352,0.002096093749999997,0.0020228365384615454,0.002129464285714299,0.0018839843749999957,0.002120888157894732,0.002113991477272741,0.001877604166666665,0.0020839843749999964,0.002109765624999996,0.002297247023809538,0.001478966346153848,0.002020703124999995,0.0016562499999999921,0.0018159179687499917,0.0017913602941176572,0.002094238281250005,0.0016742788461538516,0.0019201388888888924,0.0020265151515151563,0.0018524816176470652,0.0018286458333333319,0.0016923828124999938,0.0015510416666666645,0.0018141741071428616,0.001585937499999998,0.0018761160714285787,0.0017744140624999921,0.00196614583333333,0.0016811523437499924,0.001642427884615388,0.0022662259615384697,0.00172115384615385,0.0018124999999999947,0.0018960336538461568,0.001814302884615387,0.002069110576923084,0.0018268229166666652,0.0012544642857142845,0.001980769230769236,0.0016662946428571406,0.0019350961538461586,0.0016969866071428641,0.0017638221153846191,0.0015407986111111158,0.0021358173076923117,0.0013862847222222265,0.0016822916666666716,0.0016992187499999957,0.0016544471153846184
256,0.0015698242187499947,0.001903170072115387,0.0023466222426470514,0.0015820312500000027,0.0018438720703125048,0.0012705078124999923,0.002201171875000005,0.0021608323317307597,0.0021601562500000054,0.0022351792279411697,0.0020819091796874982,0.002157226562500007,0.003347167968749958,0.0018964092548076972,0.001996459960937498,0.0018286132812499918,0.00144639756944444,0.002218261718750004,0.001910306490384619,0.0019756610576923133,0.0022417534722222283,0.001790039062499995,0.002027180989583335,0.002146714154411758,0.0019440104166666666,0.001907677283653851,0.0012646484374999973,0.0018020833333333313,0.002089269301470582,0.0015516493055555518,0.0021243489583333297,0.0019077845982142822,0.0021765136718749955,0.0021495225694444504,0.0022981770833333396,0.0018743489583333318,0.0019738769531249993,0.0014594184027777745,0.0016006747159090934,0.0017504882812499941,0.0016269531249999934,0.0018294270833333303,0.0017973188920454562,0.001739783653846157,0.0018940429687499911,0.0017709585336538503,0.0019559151785714323,0.0019038085937499924,0.0021905838815789347,0.001932262073863638,0.0019296874999999967,0.002061523437500006,0.0017866210937499928,0.002160063244047609,0.0016774338942307735,0.0018466796874999929,0.0017626953125000064,0.0017077636718750063,0.0016963465073529355,0.0016943359375000036,0.0016811899038461592,0.00185438368055556,0.001911103219696964,0.0018692555147058751,0.0018235677083333307,0.0017797851562500052,0.0014824218749999968,0.0017264229910714242,0.0015535481770833275,0.0016985212053571392,0.0017382812500000041,0.0016992187500000035,0.0015679931640625038,0.0016804387019230805,0.0018765024038461594,0.0015715144230769255,0.0015434570312499933,0.0016256009615384657,0.0016218449519230804,0.0016590294471153883,0.001667480468749996,0.001125837053571427,0.0018111478365384665,0.0015122767857142835,0.001623722956730773,0.001776646205357139,0.0015993088942307721,0.0014919704861111075,0.001969651442307689,0.0013726128472222176,0.001610243055555552,0.0014843749999999942,0.0015422175480769265
257,0.00209224759615385,0.002474343565088752,0.0018117222850678673,0.0016510052447552392,0.0017949969951923115,0.0015126201923076961,0.0020742187500000044,0.0023284948224852023,0.0022493990384615447,0.002343396493212662,0.002135667067307684,0.0023593750000000047,0.0018964092548076972,0.003668176775147919,0.002424504206730759,0.0020826322115384656,0.001340811965811962,0.0018801081730769264,0.002346292529585794,0.002105214497041418,0.002206196581196588,0.0017746394230769265,0.0019821714743589697,0.00188171662895927,0.0018473557692307682,0.0023127773668639006,0.001386718750000003,0.001640625,0.0021616940045248788,0.0015838675213675191,0.0024495192307692412,0.0020248111263736325,0.00230731670673076,0.001750133547008552,0.00221788194444445,0.002046474358974369,0.0018765024038461563,0.0012793803418803386,0.0016553758741258686,0.0018801081730769286,0.0016838942307692347,0.001708733974358972,0.002622377622377617,0.001719212278106507,0.0019483173076923117,0.0022697855029585753,0.0020195169413919317,0.0021204927884615463,0.002153972672064786,0.002428704108391602,0.0018437499999999986,0.002403545673076928,0.002117487980769236,0.002258184523809512,0.0015306028106508846,0.002067908653846159,0.0015951772836538501,0.001745793269230773,0.001779553167420808,0.0022795222355769125,0.001724297337278105,0.0019033787393162433,0.002266171328671323,0.0019078761312217106,0.0018870192307692303,0.0017931189903846192,0.0017836538461538456,0.001975017170329669,0.0017613181089743528,0.0018595467032966992,0.0018558443509615436,0.0019030448717948772,0.001737905649038465,0.0015828402366863889,0.0027829142011834276,0.0017261464497041392,0.002094951923076928,0.0016891642011834286,0.0018153661242603521,0.0022126941568047296,0.001814903846153841,0.001355597527472523,0.0020878790680473346,0.0013169642857142822,0.0022062222633136065,0.001728622939560435,0.0018135170118343171,0.001467013888888886,0.0022094582100591685,0.0014723557692307657,0.001645966880341877,0.0017283653846153894,0.0017797707100591692
258,0.0017622070312499948,0.0019572566105769264,0.002051930147058816,0.0015207741477272756,0.001711425781250004,0.0012666015624999945,0.00202490234375,0.002014347956730758,0.0021738281250000026,0.0024034926470588155,0.002226562499999996,0.0022919921875000047,0.001996459960937498,0.002424504206730759,0.0034179687499999597,0.0017441406249999914,0.001430121527777774,0.002132324218750001,0.0022652493990384516,0.0021739783653846206,0.002315538194444447,0.0016630859374999938,0.002086588541666668,0.0018956801470588172,0.001916015624999998,0.0019737830528846123,0.001187744140624997,0.001615885416666664,0.0020812270220588185,0.0015299479166666645,0.002296874999999995,0.0019531249999999978,0.002088623046874996,0.001667751736111113,0.002295464409722225,0.0018632812499999967,0.0021563720703124973,0.0011610243055555536,0.0016450639204545468,0.0017358398437499936,0.001636718749999994,0.001749348958333331,0.002080522017045457,0.0018975360576923106,0.0017504882812499915,0.0019437349759615409,0.0017852492559523839,0.0017802734374999908,0.002099609374999991,0.0019753196022727288,0.0015794270833333307,0.001949218749999992,0.0019233398437499927,0.0019619605654761898,0.0014746093750000035,0.0018593749999999943,0.001421508789062503,0.001661987304687505,0.0017354090073529354,0.0020550537109374953,0.0016090745192307747,0.0017312282986111133,0.0018572443181818137,0.0017807904411764658,0.0017356770833333304,0.0016351318359375054,0.001531901041666663,0.0018540736607142818,0.001616210937499994,0.0016943359374999966,0.001635131835937503,0.0018261718750000042,0.0016473388671875038,0.0015482271634615402,0.002173227163461529,0.0014385516826923113,0.0017163085937499936,0.0016128305288461565,0.0017179987980769258,0.0019396033653846197,0.00158772786458333,0.0012569754464285697,0.0019095552884615423,0.0011704799107142834,0.0017837289663461579,0.0014557756696428532,0.00170222355769231,0.0013194444444444414,0.0020188551682692266,0.0012858072916666627,0.0014756944444444414,0.0014677734374999943,0.0016924579326923113
259,0.0018167968749999955,0.0020099158653846204,0.001863051470588241,0.0014517045454545423,0.0017143554687499918,0.0013406249999999952,0.0019937499999999955,0.002133112980769238,0.0018457031249999956,0.001954503676470594,0.0019462890624999925,0.0020281249999999948,0.0018286132812499918,0.0020826322115384656,0.0017441406249999914,0.0025992187499999752,0.0014331597222222274,0.0017980468749999967,0.001870793269230773,0.00167067307692308,0.0018702256944444489,0.0018152343749999983,0.0017226562499999974,0.0019044117647058888,0.0016635416666666656,0.002014723557692313,0.0010927734374999941,0.0017833333333333325,0.0019090073529411857,0.0016493055555555588,0.0018286458333333334,0.0016702008928571486,0.0018955078124999944,0.001896701388888893,0.001892795138888892,0.0016265624999999978,0.0017597656249999918,0.0013585069444444504,0.0014609374999999974,0.0017499999999999944,0.0014101562499999945,0.0017145833333333316,0.001932528409090906,0.001669471153846158,0.001746874999999994,0.001860576923076928,0.0019099702380952358,0.0017980468749999947,0.0019321546052631546,0.0019048295454545427,0.0018296874999999978,0.0020062499999999946,0.0017972656249999955,0.0019996279761904856,0.0015649038461538493,0.0018878906249999957,0.0016240234374999907,0.0016215820312499914,0.00167922794117648,0.0018193359374999915,0.0015757211538461576,0.0017057291666666711,0.0017556818181818147,0.0016626838235294199,0.0016421874999999976,0.0016943359374999927,0.0014479166666666642,0.0015345982142857203,0.001479817708333329,0.0015345982142857208,0.0016020507812499918,0.0017387152777777815,0.0015585937499999918,0.0015192307692307723,0.0020408653846153892,0.0016328125000000045,0.001705468749999995,0.0016814903846153883,0.0016430288461538494,0.001821814903846159,0.0014856770833333302,0.0012187499999999985,0.0017617187500000042,0.0014598214285714275,0.0018668870192307737,0.0016863839285714349,0.001488581730769235,0.0014496527777777823,0.0019669471153846204,0.0012864583333333385,0.001368923611111114,0.001445312499999995,0.0015817307692307721
26,0.0014782986111111132,0.001350160256410253,0.0015686274509803945,0.001508838383838386,0.0016015624999999969,0.001123263888888893,0.0014696180555555589,0.0017287660256410213,0.0013263888888888917,0.0014481209150326829,0.0014984809027777741,0.0016163194444444506,0.00144639756944444,0.001340811965811962,0.001430121527777774,0.0014331597222222274,0.0026620370370370548,0.0014539930555555597,0.0015665064102564055,0.001272702991452988,0.001464120370370372,0.0014531250000000028,0.0013512731481481455,0.0015175653594771265,0.0015150462962962952,0.0016332799145299098,0.0012174479166666631,0.0017939814814814797,0.0013705065359477153,0.0013406635802469154,0.001371527777777777,0.0014484126984127008,0.001528862847222219,0.001868248456790126,0.0016560570987654345,0.001530092592592591,0.001613498263888886,0.001302083333333336,0.0014393939393939417,0.0014765625000000035,0.0013211805555555596,0.0014976851851851844,0.001701388888888891,0.0013127670940170917,0.0015711805555555594,0.0014663461538461501,0.0017030423280423325,0.0015911458333333379,0.0015688961988304117,0.0015127840909090933,0.00150810185185185,0.001489583333333337,0.0015920138888888937,0.0017088293650793674,0.0014463141025640998,0.001624131944444449,0.0013780381944444417,0.0016579861111111064,0.0014583333333333377,0.0013867187499999965,0.0012566773504273474,0.0015605709876543219,0.001454124579124584,0.001536968954248369,0.0014363425925925898,0.0013302951388888863,0.001251157407407406,0.001345486111111114,0.0012905092592592562,0.0013926091269841293,0.0015462239583333296,0.0015277777777777792,0.0012890624999999966,0.0014383012820512785,0.0016312767094017052,0.0014276175213675183,0.0014331597222222267,0.001455662393162389,0.001541132478632475,0.001682024572649568,0.0015538194444444406,0.0011731150793650824,0.001575854700854698,0.001510416666666669,0.0014256143162393125,0.0014967757936507967,0.0014249465811965792,0.0013599537037037068,0.0015478098290598256,0.001329089506172842,0.0013040123456790143,0.001437500000000004,0.0013995726495726456
260,0.0016304687499999978,0.0018446514423076975,0.002482077205882362,0.0017485795454545419,0.0019042968749999924,0.0012609374999999962,0.002155468749999995,0.0022944711538461595,0.0021164062499999963,0.0022233455882352997,0.0021684570312500034,0.002396874999999994,0.002218261718750004,0.0018801081730769264,0.002132324218750001,0.0017980468749999967,0.0014539930555555597,0.0035078124999999806,0.0021748798076923113,0.0018623798076923108,0.002197482638888882,0.0018222656249999962,0.002043619791666662,0.00233318014705883,0.0018739583333333316,0.0017767427884615424,0.0012246093749999946,0.0020489583333333315,0.0021355698529411838,0.0016623263888888916,0.0022572916666666653,0.0018359375000000042,0.0019873046875000014,0.002172743055555551,0.0021050347222222156,0.0017817708333333307,0.0020390624999999996,0.0014861111111111136,0.0017791193181818155,0.001784374999999997,0.0016039062499999968,0.001761458333333331,0.0018451704545454537,0.001707331730769235,0.0019042968749999976,0.0018506610576923108,0.002070684523809532,0.001632421874999996,0.0020830592105263116,0.001973721590909092,0.0018062499999999977,0.0019546874999999972,0.001885937499999997,0.0021488095238095368,0.0016304086538461587,0.0019179687499999956,0.001989257812499997,0.0018847656249999915,0.0017752757352941253,0.0018505859374999935,0.0016989182692307746,0.0016493055555555597,0.0018839962121212077,0.0018069852941176542,0.0016177083333333321,0.001731445312499994,0.0014979166666666645,0.0016540178571428621,0.0015885416666666637,0.0018337053571428634,0.0016098632812499934,0.001844184027777782,0.0015424804687499945,0.0015126201923076946,0.002057391826923082,0.0016844951923076956,0.0017593749999999973,0.00160757211538462,0.0019074519230769256,0.001878305288461543,0.001902343749999998,0.0013069196428571422,0.0021418269230769277,0.0016529017857142836,0.0018031850961538487,0.0017466517857142915,0.0017662259615384638,0.0015685763888888924,0.001701923076923081,0.0013315972222222264,0.0014973958333333365,0.001474999999999997,0.0015721153846153897
261,0.0019011418269230798,0.0022707100591715947,0.001985294117647051,0.0017548076923076868,0.0019009164663461571,0.0013347355769230825,0.0020997596153846205,0.002354613535502956,0.002023137019230774,0.0023914734162895847,0.0021563251201923,0.0023987379807692373,0.001910306490384619,0.002346292529585794,0.0022652493990384516,0.001870793269230773,0.0015665064102564055,0.0021748798076923113,0.0033866494082840154,0.0020580621301775136,0.0023147035256410307,0.0020057091346153888,0.0020928485576923016,0.002122808257918545,0.0019687500000000017,0.002161843565088754,0.0013484074519230784,0.0017620192307692308,0.0019442873303167356,0.0016092414529914492,0.002176682692307703,0.001878004807692301,0.002041391225961533,0.0019287526709401753,0.0020492788461538513,0.0018818108974358956,0.0019339693509615409,0.001369524572649569,0.0015985576923076865,0.001988882211538467,0.0015366586538461562,0.001858173076923077,0.002343749999999994,0.0018426405325443766,0.0020643028846153897,0.0022496764053254407,0.002125686813186802,0.002009014423076929,0.001994876012145756,0.0022429523601398527,0.001892227564102563,0.0021640625000000054,0.0021159855769230826,0.002152586996336985,0.0015856139053254418,0.00202584134615385,0.0016440054086538506,0.0017938701923076968,0.0019347426470588149,0.0020905949519230693,0.0015560281065088737,0.00184995993589744,0.0021769376456876404,0.0018955033936651521,0.0018794070512820498,0.0018006310096153895,0.0016862980769230753,0.001765109890109885,0.0016531450320512783,0.0018428056318681278,0.0018464543269230797,0.001942107371794876,0.0016740534855769265,0.0016184356508875725,0.0024875184911242573,0.00165588017751479,0.0019077524038461577,0.0019295488165680448,0.0018671412721893465,0.002264931582840233,0.0019245793269230722,0.001366758241758238,0.0022385817307692267,0.001384787087912084,0.0022071468195266246,0.0015440418956043907,0.001762666420118341,0.0014409722222222194,0.0021008228550295845,0.0014750267094017062,0.0017020566239316192,0.001658052884615388,0.0016734467455621278
