,1,10,11,12,13,14,15,16,17,18,19,2,20,21,22,23,24,249,25,250,251,252,253,254,255,256,257,258,259,26,260,261,262,263,264,265,266,267,268,269,27,270,271,272,273,274,275,276,277,278,279,28,29,3,30,31,4,5,559,560,561,562,563,564,565,566,567,568,569,570,571,572,573,574,575,576,577,578,579,580,581,582,583,584,585,586,587,588,589,6,7,8,9
1,0.002285299677412866,0.00020618271002117712,0.0003156313932542665,0.0002528666508008759,0.00021420791395773933,0.000266240342182244,0.0002724201555449924,0.00021270883718540554,0.00024039531432290263,0.0002159282458800344,0.00024761166645024304,0.00033146581800306494,0.00026709506473866025,0.0001776874259731136,0.00028894049258542753,0.0002856699339758409,0.0003032501509359864,0.00022222414549646517,0.000278897194310101,0.0002586886828922636,0.00017627101015755368,0.0002900168800827203,0.00027445452817077647,0.0002780442299515481,0.00022668207858747441,0.0002687288653106107,0.0002492826075053292,0.00027811404559043143,0.0002607830645544086,0.0003174100144461077,0.00025837286683733925,0.00025047636251601674,0.00028192166859705063,0.0002338649630337658,0.00028795120937159476,0.00022816327489115403,0.00023257962934052296,0.0001968402103831084,0.00021491498954741446,0.00026311948325402835,0.00025036972797113196,0.00021962228941223053,0.0002887751011915944,0.00032132320257307175,0.00019657463751955172,0.0002799111245188466,0.0002074780412368019,0.0002117111220110937,0.00023587737057381844,0.00017079964733351228,0.00030677943096668066,0.0002720365225850505,0.0001926684204626343,0.00025770703736519983,0.0003266815603132616,0.0002489624760368658,0.00030182945096664596,0.0001770816569575792,0.0002567863313493354,0.00023721780101125644,0.00023539038930640524,0.00019833980630332487,0.000183659900182732,0.0002001747391213216,0.00020527946062877606,0.00024321541584835181,0.000173760382038172,0.0002331765726466673,0.00018025993582506268,0.00021673168217163378,0.00018585464056402242,0.0002572306733378718,0.0001668437038717201,0.00025490950038273654,0.00021825547018061343,0.00025263940190574727,0.0003356222791103932,0.00023282433048764392,0.00017106276931739523,0.00022959886855868867,0.00022165775118983575,0.0002518181663829062,0.00023639936866087408,0.00018757369410610374,0.0002526220482059141,0.00022474637121952312,0.00024294087314062016,0.0001807721852858032,0.00023546123901811277,0.00029475580549635604,0.00021513608097924688,0.000255601530701988,0.00023878741857960283
10,0.00020618271002117712,0.0011464387833009636,0.00025077764851125814,0.00027895159367830556,0.00026086119580459035,0.00026037110286969195,0.00023253799615893152,0.0002063211897608651,0.0002447507130516886,0.0003333967077987947,0.00026178880545602007,0.00021365491394100542,0.00023443804294004327,0.00031005366217132707,0.00022193535116524002,0.00022769792030862847,0.00025334325040812127,0.0002453679341867003,0.00021645542621530188,0.00024110912929227265,0.00021069245452737706,0.00023536064982174906,0.000178345213053574,0.00019547372615183218,0.0002024794702115974,0.00016883984248889473,0.0002248454909217562,0.00020248801586752817,0.0002770008844951679,0.0002359497558061043,0.0002154995377781081,0.00020610117877836162,0.0001619976601467298,0.00018212482737078382,0.0002470614332129993,0.0001684345316755458,0.00020391647364175432,0.00017265373583236207,0.00022255000322067193,0.0002376483858477172,0.00026115033473187214,0.00022254681352193784,0.00021826542012413073,0.0001947929294401736,0.00016301661602007296,0.000171961202347293,0.00014989407097555115,0.00014062263198095799,0.0001583105029316035,0.0002325437429091366,0.00020837522170176427,0.00021269820144945894,0.00023117945796470723,0.00024786446530753494,0.00019615516743795125,0.00021351693271767837,0.00018549896718133354,0.0003141617299952884,0.0002475500481389272,0.0002527366572327756,0.0002637328733245436,0.0002365965191701938,0.0002715997928259369,0.0002137475008503446,0.0002262548740594361,0.0002252804718240597,0.00024409206634632558,0.0002747356631868706,0.00021686402278192429,0.00023156113129181363,0.00028242407906600296,0.0002425653744981979,0.00024126568949983115,0.00023742502103307292,0.00023280991653302845,0.0002415159095525405,0.0002671268050428587,0.0002515795324050443,0.00033411237990167383,0.0002217496871823061,0.00020624064586916162,0.0002727500297239772,0.00025193350449827104,0.00020251364644209905,0.0002096065945922344,0.0002361018849563717,0.0002260340188931143,0.00022436916280515513,0.00028339807076158103,0.0002559745227248339,0.00023329504289750356,0.0002910648590786725,0.00022385467704362318
11,0.0003156313932542665,0.00025077764851125814,0.002051668873269032,0.00026965355852246186,0.0002256486994459258,0.00020988146312642938,0.0001379894925731901,0.00023713855770223264,0.0002609065835979978,0.00024928241729527085,0.00021546987113423875,0.00028843095633904675,0.00019499703273677483,0.0002127836625872788,0.0002756353211533231,0.00018150282702144032,0.00024695791213911344,0.000276786991712451,0.00021476605175982852,0.0002818452591040541,0.00020877370724347498,0.0002249272677490479,0.0002284143644586995,0.00027777703147342764,0.00019777284791428626,0.00022328687674269543,0.00024243700835774185,0.00021975782657144744,0.00025437086222989633,0.000198991996893739,0.0002607846412308864,0.00026109748978990976,0.0001977777034808849,0.000214446825999368,0.00030619042827277317,0.00022157442419303594,0.00023209874096911595,0.00020499376355136536,0.00018607557327175608,0.00022365809288794214,0.00027089010519064496,0.00022838866911214776,0.0002894301146589072,0.0002444492941094724,0.00015794971499353126,0.00019518208362761895,0.0001603667673776606,0.00020526238464409246,0.00019383227039536139,0.00019021538981191715,0.0002352658930095762,0.00017960094497947325,0.00015894807894929356,0.0002298253932793875,0.00017636692597593995,0.0002633023644758224,0.000290300374187453,0.0002142110734889833,0.00024092547802701046,0.00021034577094540506,0.00026327174641829727,0.0002196035701888509,0.00022921857277931473,0.00019482898060598736,0.00016776239737284807,0.0002389405893136116,0.00020388025611533302,0.00022049438329605378,0.00016628271656180871,0.00020277488018709323,0.00020241695029200678,0.00021997689550167307,0.00023781497714677507,0.0002854545991181049,0.00020988808821979706,0.00021016940243896032,0.0003047271080007723,0.00019170668791119197,0.0001650236218279437,0.00015748668227224264,0.000214210320311557,0.00021928098644389234,0.0002160344271825616,0.0001880784507628645,0.00017736697360088726,0.00018019158880985445,0.00015798928388817762,0.0002044834210009312,0.00019439738064953366,0.0003602772707198042,0.00021808081348243517,0.00022138438916931855,0.0002441415193999831
12,0.0002528666508008759,0.00027895159367830556,0.00026965355852246186,0.002468069346028469,0.00020633878867188705,0.0001590374240574371,0.00018748035449433448,0.0002715598911030222,0.00029173363437019116,0.0002396941772407681,0.00018344482649369418,0.0002942090843625504,0.0002630087509135211,0.0002785682083032456,0.0002640176261806739,0.000264781849997597,0.0002417809119431531,0.00021224304714674135,0.00022593041756938765,0.00027959053253808896,0.00017789704723155932,0.0002749105173056571,0.00021330216088687515,0.0002710078070757428,0.00019399610875440226,0.0002337195957207913,0.00019505642957011753,0.0002471860701188857,0.0002693817131652332,0.00027312658997789716,0.0003121809538515184,0.00022235434909250622,0.00019424254949044467,0.00019584708149998685,0.00024094203980896286,0.0002183516320380422,0.00024165253017240475,0.00017914538195585108,0.00025144510055276456,0.00022121505214475672,0.0002645261648370305,0.0001960396580308658,0.00026745663487831594,0.00023234946621654654,0.00020773144829353379,0.00016813716260286323,0.00023354111379383376,0.00016626690994535822,0.0002463946155039394,0.00027742409340685925,0.00035386766952324165,0.00027927182736317395,0.00029762570710341476,0.00021415216369111907,0.00018958950486683103,0.00026152007605551215,0.0002547156442865678,0.00025966107843547833,0.00019221233363337693,0.00020009157564913283,0.00023896616804277353,0.00017289601101582532,0.00020652933273876956,0.00016741744203557373,0.00018659444757030235,0.00016318237905469933,0.00015589731245712522,0.00021729145388887003,0.00016047810190292214,0.00018288169829987552,0.0002075409935686121,0.00016085269777459346,0.00017808532153099213,0.00021292962191886712,0.00017008403142168682,0.00018596875757083102,0.00014567471675495572,0.00032433109115111164,0.0003073163562895815,0.00017731522212261272,0.000190176983029503,0.00017383729736870996,0.0002324189331835001,0.0001994430915638472,0.00022948395419889866,0.000255729770423002,0.00020485134023400398,0.00021851036448212126,0.0002004113805886908,0.000308744016897726,0.00017187110496934776,0.00024189915595276723,0.00028428637243413
13,0.00021420791395773933,0.00026086119580459035,0.0002256486994459258,0.00020633878867188705,0.0008426045944708807,0.0002390470452298863,0.00015502306798055235,0.0002462127500399637,0.0002697562393509211,0.00032005830730497586,0.0002259542213054176,0.00022824175720370226,0.00018174377246894105,0.00024688844681470645,0.00022587479593954695,0.00018190006937516694,0.00019455342488097012,0.00024686892531314313,0.00023137345984771023,0.0001872912059510903,0.00019243136993851042,0.00020291336446059998,0.00018021548827507758,0.0001765908638924529,0.00019945474575452693,0.00016453328689713793,0.00021584382016280463,0.0001789452134568876,0.0002122006708719341,0.00021045392482447168,0.00021374809715659377,0.00024457173533736274,0.00017618097891079318,0.00023950651868638094,0.0002542880210370206,0.00020875773837639928,0.00021381568770480888,0.00017759590407979108,0.0001680868063466989,0.00018068683563758313,0.00018220342911866346,0.00021826631650925183,0.00019478291344247564,0.0002257341692343138,0.00017229490207384867,0.0001744963445583938,0.00015671309705263465,0.00014520530223428543,0.00013843272355101133,0.00020111694039414107,0.00017964277103686024,0.00019330366214788058,0.00018813730759428295,0.00025436922175264273,0.000209774310493496,0.0001974639513781057,0.00021848851432392392,0.00024033096552650998,0.0002061499676679109,0.0002449227523051042,0.0002665108949937829,0.0001961495922830533,0.00023380635178910783,0.00017351772612384718,0.00024213616992070007,0.00020429327314641378,0.00021004514281007533,0.00025691244593516047,0.00019409746260735567,0.0002454822411832643,0.00023753315463803784,0.00021220380563106154,0.00023861304171709843,0.00022359263205286593,0.00018119288869749675,0.0002526890111447878,0.00022720877697211456,0.0002082135816832483,0.00027679533936492465,0.0002235543547473004,0.00017388064745488098,0.00022614649632455308,0.00023001448322319034,0.0001835182911605963,0.0002005356470651868,0.00018100666918902146,0.00022508018377028288,0.00019252573727746708,0.0002332282337795033,0.00026330388332718245,0.00023740242999421276,0.00023203235091844777,0.00021719301752705808
14,0.000266240342182244,0.00026037110286969195,0.00020988146312642938,0.0001590374240574371,0.0002390470452298863,0.002055459085255293,0.00026852294540253945,0.0002409885203816716,0.00035157009219315876,0.00021224080839489217,0.0002197686266913019,0.0001770146141910075,0.00037290211957800195,0.00017311371282159108,0.00027330830466321446,0.00033644350256862215,0.0002707734052474499,0.0002067057341269843,0.0002696202105909864,0.00019232603080591315,0.00018582283724393725,0.00022336411179734478,0.0001979811151984923,0.00024259673834681542,0.00020647557775922741,0.00018220261540572165,0.00020735149679189247,0.0001847309933352165,0.00022219952988514373,0.0003644004384573198,0.00023674406470151384,0.00020353984011528054,0.00018641471480614308,0.00016774253872190318,0.00019542686649347648,0.00021674368871349951,0.0002009969893746923,0.0001907192376677978,0.00025295843999138226,0.0001562442614225501,0.00023561677876455562,0.0002534472424412777,0.000175213257298553,0.00017682595475100013,0.00020235230099742148,0.00017858930218616682,0.00021451747839573322,0.00019132833752411773,0.0001751961731950383,0.00019819418406940897,0.0001828139546457988,0.00035829752146402863,0.0003064342487196339,0.00018219464828581847,0.00029826298264594154,0.00031556837573693995,0.0002100391378385028,0.00019395802147024888,0.00020885106577932111,0.0002419477757393092,0.0002235953509483344,0.0002532381256626295,0.00021860432322505564,0.00023419591575474968,0.00021727135068068222,0.00023697174221765303,0.00020779064431543205,0.0002460685898045146,0.00019382046751322367,0.00030248214217495857,0.00026223882139978085,0.00022925822260853865,0.00022666186735539903,0.00017284208430267336,0.00028849344288421825,0.00023527761733455236,0.00023928829683225996,0.0001851985491109642,0.00022402026547864461,0.00020603146501357405,0.0001658249151635005,0.00020876524564476215,0.0002717265437671949,0.0002103925235812422,0.00024343731963073878,0.00019307323784260237,0.00020458813605825945,0.0002165832557453335,0.00020251171349442551,0.00020257848091181978,0.00021073861031018854,0.000320452006830277,0.00018975320348540092
15,0.0002724201555449924,0.00023253799615893152,0.0001379894925731901,0.00018748035449433448,0.00015502306798055235,0.00026852294540253945,0.007911323253480628,0.00022577401262868942,0.0003482425833672587,0.00015544009601030684,0.00033738154589365394,0.00025831804844347113,0.00039803229798113894,0.00014769311970297042,0.00034721059934602445,0.00026150171093228605,0.0002978497078306548,0.00019200521490891356,0.00032305058134519433,0.00017753602814059833,0.00015076729244388676,0.00017568380149183838,0.00019417907591173588,0.00010584849371582085,0.00019427840188965208,0.00014936445993420127,0.0002091564381918966,0.00017121343529393369,0.0002354246013477913,0.00025760770478999864,0.00013861929704150008,0.00022210942415301632,0.00028571465846617493,0.00020145047282984927,0.00020538130079474572,0.00015018560446851078,0.00018939611097992112,0.00013941484050615424,0.00021837855048600897,0.00021408789936397903,0.00034078066145162925,0.00016586954612712512,0.0002515578600552654,0.00023999143909112034,0.0002341335161910165,0.00031625132233109945,0.00026940126838573226,0.00030899388155802165,0.00018129388162800255,0.00024592140435450855,0.00013026150965844655,0.0003245905391347121,0.0001894936974114585,0.00016924152337039912,0.00021417672044854352,0.0001703277164547984,0.0003395405307488736,0.00019886818666270146,0.0002243586795187257,0.00023116199794315543,0.0001570478512844762,0.00018738376946871534,0.0002589021860011869,0.00014612785130155417,0.00020734063675117742,0.00020607596041730873,0.0001711089143333714,0.00019443612125916236,0.00015262446599996287,0.00019902978877430716,0.00014718171153375347,0.00017808750034813538,0.0002067950700957475,0.00017754321389060345,0.00020552215211869907,0.00021176389980389222,0.0003633126291691542,0.0002319382086762119,0.00017699451183126672,0.0002730311040128666,0.000350162332511901,0.0002191832673077681,0.00037456701830761337,0.00018670741521389754,0.0003172214808983534,0.00019654869795017598,0.0002637166215233909,0.00022199769957536252,0.00025468301411780606,0.0003092514998623731,0.0001850114916374994,0.0002495784741964127,0.00025723493485488373
16,0.00021270883718540554,0.0002063211897608651,0.00023713855770223264,0.0002715598911030222,0.0002462127500399637,0.0002409885203816716,0.00022577401262868942,0.0009656718070640391,0.0002682691126808113,0.0002635544276268103,0.00023808355834846565,0.0002902091633114068,0.0002059735651169659,0.00019911982144312754,0.00023942835554174944,0.00020793659031630773,0.00022971633583118207,0.00023943174243770161,0.0003124664744018941,0.00018271640511506978,0.00019120199515621362,0.00021997950435192657,0.00019610313609163486,0.00022174289345582991,0.00017669871604701593,0.00017948775304950867,0.00026607280548077454,0.00018528531918647617,0.00021917528186854568,0.00017854913163431734,0.00025036470252594935,0.0002361930401382977,0.0001719916405135708,0.0002304393357407592,0.00023679992437859295,0.00021121494015546296,0.0001951418986901347,0.00016803259391730355,0.0001905663483566308,0.00022943963375569786,0.000183590060661784,0.00020561280592245226,0.0002472737371612275,0.00021995783002528064,0.00016893990647150935,0.00018940135797750765,0.00016735769642331987,0.00020361746595932712,0.00017219748159785032,0.0001685537069252619,0.00018587540925097936,0.000212797369204482,0.00018063923249839132,0.00032122631943246185,0.00017437096720809023,0.00022492778890167376,0.00020313316807657304,0.00021087034664073821,0.0002046947939530623,0.00021840832119658017,0.0002595636296388815,0.0001831494436623809,0.0002223853283973726,0.00019171083993170412,0.0002375147366449008,0.00018917675701352185,0.00024918050491882685,0.00023384415205355796,0.0001843376777902506,0.00018807307669888688,0.00023261463604024333,0.0002572863856889794,0.00023302093854428842,0.0002096023764220811,0.00021364121013950634,0.0002456612618875785,0.0002069040285006415,0.00021556815694920655,0.00024037827503461308,0.00019323553203108587,0.0002503746305783794,0.00018507495744435538,0.00028205412082132317,0.0002531752556254966,0.00023953724387539834,0.00017721989937230167,0.0001724688610104666,0.00015235888778794112,0.0002137919460675384,0.00030744050215851597,0.00024221792235322654,0.00022818246971341322,0.00033658294074064086
17,0.00024039531432290263,0.0002447507130516886,0.0002609065835979978,0.00029173363437019116,0.0002697562393509211,0.00035157009219315876,0.0003482425833672587,0.0002682691126808113,0.004600081852398577,0.00016028140251135597,0.00032257402948022187,0.00020884644377096176,0.0004385662457729249,0.0001674013557046474,0.000428810049397944,0.0003373758164315356,0.0003501067591907095,0.00019445088256731454,0.0002417134628572202,0.0001686620621942991,0.00019245510365579696,0.0002327690201171283,0.0002053179524985548,0.00021295453920534127,0.0002223506057959467,0.0002115066437941997,0.00017509947935982387,0.00019632669350108455,0.00018741800559074647,0.0003517815549374889,0.00018842011324411327,0.0002146807393225448,0.0001991083648574599,0.0002010182855857165,0.00025352189124863727,0.00021734476765999754,0.0001699307274332526,0.00019951934215382009,0.00022235373583507582,0.000178910443118284,0.0003184832251704172,0.0002549158525377145,0.0001896580801619608,0.0002691795096573823,0.00013406098593144974,0.00018392486018270116,0.0002448248055615784,0.0002738742320192132,0.00015135019085486042,0.00020342010178068642,0.00022659169211489255,0.00029496506713711456,0.00027358876054849404,0.00020079421821114768,0.00033400208848143693,0.00029211269557961173,0.00019577558861922061,0.00021157429487407851,0.00019869598263433136,0.00018416111283454646,0.00018560852303925807,0.00017619445006671958,0.0002291622149310334,0.00023002982593879476,0.0001804584852510969,0.000256321120483451,0.00023306789961193055,0.00029041544417661257,0.00020977897567932836,0.00033309671451237256,0.00019857950864134763,0.00022491454278066595,0.00030117392447887877,0.00016157172705059055,0.00024813050585432473,0.00016552812445447235,0.00022975268024099464,0.0002857010161761649,0.0001376580690100789,0.00014749723528340852,0.0002697527425333811,0.00022412166922805652,0.00022099820633670038,0.00022500510030841757,0.00031109958819187055,0.00021522213696455067,0.00019824145671892292,0.00019831070241323564,0.00022280172065046675,0.000186673809352544,0.00018367478515027177,0.0003859382348789281,0.0002367640902478507
18,0.0002159282458800344,0.0003333967077987947,0.00024928241729527085,0.0002396941772407681,0.00032005830730497586,0.00021224080839489217,0.00015544009601030684,0.0002635544276268103,0.00016028140251135597,0.0011299952739627606,0.00023836513978441076,0.000254059728271513,0.00016543827331218618,0.0003807418622377487,0.00021646360450812332,0.00018979206522844628,0.00022960896797557254,0.00032743366894537394,0.0002905993291103908,0.00021972131119895645,0.0002451391086728636,0.00021184432670150847,0.00020367094333256856,0.0002224611502833957,0.000200767548865106,0.00015667733703368786,0.00030382151047554136,0.00019207561587825263,0.00026975243401866557,0.00018250481242186286,0.00020413843383803207,0.0002712285726363585,0.00016495387301390308,0.00031022131686523935,0.0002856606748123165,0.00016250122296863464,0.00020693677868801613,0.00016917954378689834,0.00019786281298986343,0.00030394001936316775,0.00022728446782857987,0.0003030031932952168,0.000238573789384333,0.00020872798380980545,0.00020525830694930345,0.00020178701314456498,0.00015928500950627373,0.000158924897180315,0.00015496770224549547,0.00017430358380411177,0.0001666194538664384,0.0002781107405648724,0.00017941654739382263,0.00031390521278452157,0.00016807670743370804,0.00020185265799691564,0.0002455456511558792,0.0003689715885047509,0.0002557541601733192,0.00025444020768243097,0.0003370804336636137,0.0002124286936611897,0.000280288841359403,0.00019424790969280891,0.00025861435737630314,0.00017502556087594005,0.0002589159998172451,0.00026193525351859217,0.00020881056699897506,0.0002030407877346006,0.0002403203527652099,0.00022837879212339173,0.00022299705949335353,0.00023238201571530872,0.00018302496686910873,0.00028865811064455896,0.00024043530715213887,0.0003560600185778966,0.0004094414118076845,0.00026715230938213855,0.00020688397771496088,0.00023415953980919298,0.0002532463267526388,0.0001907004670118954,0.0002230725491341329,0.00017611932622084236,0.00019074715219823536,0.00018770155292336744,0.0003144884337293349,0.0003058175138793657,0.00027792166492179133,0.00023741584707467198,0.00030140748939878995
19,0.00024761166645024304,0.00026178880545602007,0.00021546987113423875,0.00018344482649369418,0.0002259542213054176,0.0002197686266913019,0.00033738154589365394,0.00023808355834846565,0.00032257402948022187,0.00023836513978441076,0.0018932644126188525,0.00024191333233715138,0.0002698824641172712,0.00019509189915710377,0.0003385599158640336,0.0002895574621077493,0.0003458502915572849,0.00016938275479913518,0.00028501158789561934,0.00017796889197456474,0.0002115834167998019,0.00022127091795715517,0.00015263561850070929,0.00018615238244631586,0.00016544659207992917,0.0002160686277132895,0.00018627252022314166,0.0001896874313232899,0.0002276584032409351,0.000241717808428803,0.00020595604825283565,0.00016041582267900154,0.00021062128079155014,0.00015473717066591318,0.0002246876895145539,0.00016577657760240766,0.00018464983014198575,0.0001604130388002058,0.00014973872876563538,0.00021751132640073168,0.0003211845139397964,0.00015923446571176105,0.00018364931415299277,0.00024261690449287472,0.00015399504420909302,0.00019204531704319441,0.00013688295640306553,0.0002699892089819569,0.0001796024521763469,0.00020336257189438445,0.00017207307474584118,0.0003363686035857762,0.00021753471717796688,0.0002555116802113101,0.00021913340307624116,0.0002090458061007177,0.0002709536645469163,0.00020461956100630534,0.00022866123839523314,0.00021090809008938628,0.0002205098743067212,0.0002411992591884177,0.0002281301285045192,0.0001964774902849189,0.00021261412835554835,0.0002066498383886768,0.0002607581641142215,0.00023465164674591596,0.00020837246812238977,0.00021710564826558598,0.00022768310350590795,0.0002146828485829592,0.0002302438283144671,0.00022772373131172446,0.00022848296411252366,0.00021682339048201,0.0002421901335318505,0.00034918600502779684,0.00021038191365442812,0.00022564701450654697,0.0003505717080304835,0.000248023344919428,0.0003775134971529452,0.00022915035290716138,0.00026719147442667314,0.0001742761319589018,0.00018560685865204302,0.00018676426174980108,0.0001947462457033439,0.000213905934323186,0.00021148222927253502,0.00027531067463481716,0.0002489985091845106
2,0.00033146581800306494,0.00021365491394100542,0.00028843095633904675,0.0002942090843625504,0.00022824175720370226,0.0001770146141910075,0.00025831804844347113,0.0002902091633114068,0.00020884644377096176,0.000254059728271513,0.00024191333233715138,0.0023379580915167644,0.00016342193198945308,0.00019000396518662678,0.00023783611921678873,0.0003190018765185634,0.00024019098214640445,0.0002177176913379032,0.0003541390595617034,0.0002798307875985246,0.00023247441620791458,0.0003006914996353198,0.0002937602198984658,0.0003578939536739696,0.00024148976891169775,0.0002310337435506173,0.00022135791287203007,0.0003443063460539326,0.00024686452854639503,0.0002207676953234102,0.0003141659456150807,0.0002236670565710295,0.00020742906568444806,0.00022474565492237923,0.000274315644005309,0.00025917004496087517,0.00035414623305181077,0.00020778616450042154,0.0001999521897036167,0.00022483636612605874,0.0003645890980064333,0.00023263249291102564,0.0002978774999193305,0.00022558595927433983,0.00022399277929512814,0.00017606917088261752,0.00014413008290541598,0.0002308996255991763,0.0002382901705362187,0.00023801692179905,0.00031049086849139834,0.00020080788193283842,0.00022208237150231575,0.0003004104069867869,0.0002263641151577805,0.00023564010597194944,0.00037477572838798533,0.000216500931582721,0.00027269115675711535,0.0001925451838151798,0.0002237738255911559,0.00020776170535393638,0.00022920174950540872,0.0002090002527613341,0.000213992284134211,0.00016352449298631433,0.0002294743907823782,0.00023919597953862677,0.00018296280968257332,0.0002716939700971623,0.00025094195999368624,0.00022492019786167565,0.00022463758923280946,0.00025477799297975146,0.0002590402887143848,0.0002139483482900018,0.00026968863472495936,0.00018058902689602313,0.00019005120340004702,0.00014905409089762328,0.000282644932856214,0.00020576626843132203,0.0002632872957004066,0.0002798961770361077,0.0001960674715298845,0.0002790596206627809,0.0002452364233316829,0.0002019740547716083,0.00020500699212082273,0.0003966732231789709,0.0002193963513476642,0.00021308422976537605,0.0003302427804730935
20,0.00026709506473866025,0.00023443804294004327,0.00019499703273677483,0.0002630087509135211,0.00018174377246894105,0.00037290211957800195,0.00039803229798113894,0.0002059735651169659,0.0004385662457729249,0.00016543827331218618,0.0002698824641172712,0.00016342193198945308,0.003806245625105075,0.00022249139447161524,0.00036764250352261396,0.00040611834169956243,0.00033733619873791397,0.0001719034149736515,0.0003650869290287566,0.0001703116327044799,0.0001711032257126536,0.00021222125406682456,0.0001913859840169639,0.00019341129133512548,0.00023362627396072419,0.00022483175470275617,0.00014955764301202482,0.00014593430504043217,0.0002331239518117273,0.0003747547662456039,0.0002110629978368708,0.00017144950386523995,0.0001761296770787425,0.00020000727974173847,0.00013994785297718278,0.00018197250792572204,0.00016431927977575224,0.0002496043963353958,0.0003421285283344733,0.0001659270311375888,0.0004058197760248323,0.0002083340013939065,0.00021564177420555465,0.0002720557883864635,0.00016243104695823493,0.0002725791792738742,0.0003570806400260551,0.000192357124331582,0.0003645347457318802,0.0003939564169204528,0.00035080067017975876,0.00037883225700344284,0.0004420975761644734,0.00017390234835003735,0.00034333440754043596,0.0002911792806531551,0.00024348002326799177,0.00021110637610628513,0.00019008521075795654,0.00022033852333487065,0.00022103889116281857,0.0002204562886952557,0.00023400811057245523,0.0002344871280656949,0.00021895657089957322,0.0002616830754828513,0.00019554948824877788,0.00027726841364740447,0.00018933072583659184,0.00030038790106216,0.00020334209691345726,0.0002444962290371637,0.00021774350935735388,0.00025813462257369917,0.00023636888177146404,0.0002415677241029979,0.00018790456243072132,0.00023842882300554295,0.0002828564242062588,0.00022934726756002638,0.00026173775106938437,0.00020174446654012238,0.0002709842241098142,0.00027041989221989317,0.0002528162470950521,0.0002749159716750205,0.00029097818997103825,0.00022877717159070488,0.0002391107366549205,0.00027035440131877383,0.00017025181054552076,0.00030352922154702175,0.00025644423252083536
21,0.0001776874259731136,0.00031005366217132707,0.0002127836625872788,0.0002785682083032456,0.00024688844681470645,0.00017311371282159108,0.00014769311970297042,0.00019911982144312754,0.0001674013557046474,0.0003807418622377487,0.00019509189915710377,0.00019000396518662678,0.00022249139447161524,0.0010493442306701306,0.00016671449780301495,0.00015530322930630672,0.0002164614047740141,0.0002782043618175111,0.00021669454706270955,0.00026398280150300633,0.00020302031852785952,0.0001907307937374066,0.00016989643264236397,0.00020404479934960315,0.0001757095252004809,0.0002114869240837968,0.00026963772145148344,0.00017183863829048175,0.0002531643580159716,0.00016271752524729278,0.00017393144433794851,0.00022830063885648686,0.00020792145761364957,0.00022647533656980655,0.0002366402565777188,0.0002316030164180653,0.00019549951866371584,0.0001389663131483931,0.0003077909133707635,0.00025787542188319734,0.00017188981039816716,0.00020431146107716732,0.00020950761600718547,0.00020238499475405382,0.00020483420342792973,0.00027203671857862225,0.00024195901719445713,0.00013266990372005623,0.00024030705324121625,0.0003115995215015048,0.00023148430586400273,0.00016925315070155325,0.000231055552284413,0.0002587884584381976,0.00021911475355094218,0.00018913367003489494,0.0002480354143210828,0.00034156908008002183,0.0002089509399125725,0.00020884561780998474,0.0002699566165213298,0.00020215370942378347,0.0002495479499072353,0.0001534908650056072,0.00024238407177308173,0.000182483210482133,0.0002194256424607692,0.0002159885834212413,0.00016331328281592002,0.0001731637581833942,0.0001846300446716118,0.00018024338844384232,0.00018956262703020047,0.00020083834873906638,0.00018729268875851282,0.00020559270183824395,0.0001907623306369051,0.0002928727939610572,0.0004310854243842302,0.00023816138516746335,0.0002741929170397927,0.0002467635417005139,0.00026743137188721866,0.000270410419910627,0.00018754342834447193,0.00024630156304972185,0.00024734482557527674,0.00019558114047498764,0.0003036626049793512,0.0002584065067869583,0.00021176320692152534,0.00021546021620726352,0.00024289382790101147
22,0.00028894049258542753,0.00022193535116524002,0.0002756353211533231,0.0002640176261806739,0.00022587479593954695,0.00027330830466321446,0.00034721059934602445,0.00023942835554174944,0.000428810049397944,0.00021646360450812332,0.0003385599158640336,0.00023783611921678873,0.00036764250352261396,0.00016671449780301495,0.0036644489475147024,0.00038995703646194194,0.0003602008032801776,0.00018049209932162062,0.0003933466017348667,0.00018553085199618914,0.0001825918229945777,0.00023898728826070865,0.0001749776384435064,0.00016987362313774788,0.00017050585949680418,0.0002347459772824154,0.00019722164492090759,0.00019469002078788668,0.0002712482551169155,0.000328506504551518,0.00018602868288778747,0.00021775187769252374,0.00023898512951249718,0.00017571978917099712,0.00017237854010297558,0.00016408952239794724,0.0002315703949958867,0.00019998693087609334,0.00023164240673154612,0.00020199808370970006,0.0004152092892588017,0.0002488123444528997,0.0001908198354740412,0.00022225789961027715,0.00017150441576058146,0.00012350773512248274,0.00015659302561531988,0.0002035615475718843,0.0001541763434574839,0.0002154799316524172,0.00019717666951316417,0.0004948565719131299,0.00025951638818133256,0.0002112865208763722,0.0002182235873333735,0.0002966373983228353,0.0002686383937905564,0.0002368154040331033,0.00023312102184079724,0.0002928625577341101,0.00021340646358671383,0.00021652851133141074,0.00020390421835129378,0.00020455160681437433,0.00025631950402311385,0.00023090622069993924,0.00021836898993329566,0.0002716676245646238,0.00021019571953420258,0.00028112720377360996,0.0002690338046167147,0.00028909909491132085,0.0002813917274147549,0.0002102964572695764,0.00020431602859161309,0.0002089666405543855,0.0002832891233086899,0.00032505149872364623,0.00015649840759223032,0.00025510631724568925,0.000239036177850638,0.0002462907845307952,0.00028914263993455504,0.00020693849488742516,0.00041300932568276774,0.00018704381287188319,0.0002758487218985263,0.00019181220499642535,0.00020702447616658055,0.000341701777481929,0.00022283197051106604,0.0002691437813766518,0.0002507649169783709
23,0.0002856699339758409,0.00022769792030862847,0.00018150282702144032,0.000264781849997597,0.00018190006937516694,0.00033644350256862215,0.00026150171093228605,0.00020793659031630773,0.0003373758164315356,0.00018979206522844628,0.0002895574621077493,0.0003190018765185634,0.00040611834169956243,0.00015530322930630672,0.00038995703646194194,0.004505414735618492,0.00028838011491740976,0.00015271799439986464,0.00027356081396705056,0.00021916905067126093,0.00017728450017005288,0.00023470137046090482,0.00019560582079657004,0.0002015085558362154,0.0003021555709112799,0.0002185613341245654,0.0001479503812548091,0.0001979901502498706,0.00020266252454288284,0.000354535740905335,0.00018073991372506194,0.00021086845744055938,0.00023354095704091507,0.0001813138409503651,0.00017346481850105704,0.0002282747164363595,0.00023610940081123885,0.00022779048537798088,0.0002163248649170229,0.00014964338548908047,0.0004441854031752661,0.00026780701039457973,0.0001889225834693231,0.00039421889517446705,0.0001545444426117701,0.00024056591694713079,0.0002068574631925144,0.0002767690437511767,0.00021815655896292911,0.0002903693673351327,0.00016394273284924292,0.0004237017895193439,0.00023275888524826587,0.00019401602510237163,0.00026536429363694134,0.00038582510977671594,0.0002240304050537662,0.00022339505466357067,0.00021004367565734082,0.0002444710273766747,0.0001903175316564762,0.00021260792724774933,0.0002371648503874147,0.0001814072580481288,0.00019204964520154878,0.00023723358211813532,0.00017001803302832893,0.00019402039084333154,0.00018155055408164257,0.00023911489088642346,0.00018500794628218382,0.00021303381495268764,0.00023799000584896575,0.00022079944492393253,0.0001771786182666814,0.00019355323725188538,0.00028134417796059466,0.00020658682937198242,0.00016624772557942053,0.000277915129743494,0.00024299373837619,0.00021696399437965937,0.00021818617261623252,0.00022197043412466156,0.0002635581607862917,0.00023909143050564017,0.0002490810225353872,0.00024338426966073122,0.0001962464547261677,0.00019377230248636995,0.00020557517383173833,0.0002749758318187011,0.00021616832056525612
24,0.0003032501509359864,0.00025334325040812127,0.00024695791213911344,0.0002417809119431531,0.00019455342488097012,0.0002707734052474499,0.0002978497078306548,0.00022971633583118207,0.0003501067591907095,0.00022960896797557254,0.0003458502915572849,0.00024019098214640445,0.00033733619873791397,0.0002164614047740141,0.0003602008032801776,0.00028838011491740976,0.0034969973450221154,0.00017128357503784714,0.0006245639555404654,0.00013705216684264257,0.00020100512957382818,0.00017946957805231633,0.00018062176779887722,0.000175369773138715,0.00022123171068720205,0.00018053635000294302,0.00027631102199450507,0.00021883154895181164,0.00022542621323570983,0.0003373874915764993,0.00017270720426376367,0.00022378226906275347,0.00017222743174149702,0.0001735883613851729,0.00017580470264611333,0.0002455830215480051,0.00020780695949733084,0.0001926305667916195,0.0001836886710834284,0.00020056418896295235,0.0004736218600697506,0.00019750263669865046,0.00016496047684418886,0.00024117156319394635,0.00016733817271849785,0.00025807898505246464,0.00019266914742040484,0.00038584960441897403,0.0001691954100605697,0.0002179393853861377,0.00021178488307168047,0.00048331332974634126,0.00045444114607995915,0.00027915121688107055,0.0003613497600127913,0.00026063721967310266,0.00022821658777666303,0.00022980419356508034,0.00019722600111558348,0.00019126530027471843,0.00025426415750937683,0.00016574692454258562,0.0002280585137131232,0.0001668401919379711,0.0002189861955236786,0.00022837146366289267,0.00019186108604547978,0.0002313038823320472,0.00018637506811635307,0.0002713416037798955,0.00020061106728791586,0.00016828149128735826,0.0002070822581217107,0.00020751723514857062,0.00021520273465773745,0.00021661019720792827,0.0002517883223715072,0.00018231938339837857,0.00020253568068816217,0.00026676725763179307,0.0005762132123981152,0.00020344875939000808,0.00055892503556741,0.00029332945486958953,0.00023513840164799616,0.00027726860454676893,0.00022577214317407132,0.00019569382942497294,0.00023465887988183886,0.0001905402737673265,0.00021874792599763866,0.0003001621780452704,0.00020635382560850465
249,0.00022222414549646517,0.0002453679341867003,0.000276786991712451,0.00021224304714674135,0.00024686892531314313,0.0002067057341269843,0.00019200521490891356,0.00023943174243770161,0.00019445088256731454,0.00032743366894537394,0.00016938275479913518,0.0002177176913379032,0.0001719034149736515,0.0002782043618175111,0.00018049209932162062,0.00015271799439986464,0.00017128357503784714,0.0009298646813240473,0.0002406909731911371,0.0002985091286380872,0.0002471360086140253,0.0002929250469750441,0.0002376604514835439,0.00037879883382947906,0.0002256153598995107,0.00023265013371101935,0.0003721410449876868,0.0002583490659759772,0.00033285739974528715,0.000197437670158835,0.00024208958511492723,0.0002987371169906687,0.0002484176390919325,0.0002504206844743272,0.00028898620541155487,0.00025917753124264143,0.0002837158575863647,0.000211021750927575,0.00019943060994235032,0.0002956914304800738,0.00020340869475285215,0.00022700209172766446,0.0002451367053879236,0.0003459286670231276,0.000231432833764233,0.00021773321875158977,0.0002024111498148355,0.0001658066609335653,0.00024357217055551728,0.0002018481418128605,0.00022456284813403553,0.00016621607835657872,0.00018003348787746316,0.0002382333787080972,0.00021839212569148636,0.00020160641539531887,0.00022043603223007865,0.00026673242278022337,0.0002480773531847719,0.00027115797667496845,0.0003016132646303299,0.00022952861467731895,0.00023437558780124246,0.00022325451381177472,0.0002415414206247238,0.0002040501403529136,0.00022920069726810603,0.00024659082423028747,0.00020478598819748098,0.00023720506559744188,0.0002124031670773446,0.00026855304982757386,0.00021819203104818776,0.00026696153601439305,0.0002354250110558105,0.0002301087057605079,0.00024476843544628854,0.00021179631430299202,0.00025719563047151895,0.00019995728181968183,0.00020837812368638698,0.0002212667347122194,0.0002101572214196449,0.00019671445444237556,0.00019581047242952756,0.00024470695086892404,0.00017120888220270556,0.0001870292195724429,0.0002454349246694228,0.0002682223340668876,0.00026247913302191215,0.0002555113125301639,0.00028676080643819395
