,1,10,11,12,13,14,15,16,17,18,19,2,20,21,22,23,24,249,25,250,251,252,253,254,255,256,257,258,259,26,260,261,262,263,264,265,266,267,268,269,27,270,271,272,273,274,275,276,277,278,279,28,29,3,30,31,4,5,559,560,561,562,563,564,565,566,567,568,569,570,571,572,573,574,575,576,577,578,579,580,581,582,583,584,585,586,587,588,589,6,7,8,9
1,1.0000000000000002,0.2550459488746453,0.06822128951499297,0.615495882963932,0.24156491525057672,0.07914860853837143,-0.1340265633968477,0.1631869605259147,-0.5239396579873519,0.4743722309091833,-0.3852418253373043,0.3089645149175151,-0.08727957164401126,0.3251084138003195,-0.1619070206352816,0.5269744173428823,-0.47699426142448714,0.32449575243963674,-0.3425134055251868,0.4355952414731751,0.41649405795227434,0.4030027840488471,0.3784981558577395,0.36028054902448986,0.6864104488228471,0.46125350221856465,0.09850143373116467,0.38839926650459705,0.5423182701661323,0.03585723404840329,0.2994988889068573,0.4361502333031353,0.4863032925850604,0.3479695608591973,0.26721756344469816,0.21020647759479466,0.4377259951399514,0.5007209017011014,0.6504631063731857,0.49075895277846465,-0.714393545430733,0.648503456919897,0.301085392231713,0.7939862330557999,0.3714891433699599,0.6153500204724861,0.39458288561796345,-0.7594063369758202,0.6601633139419523,0.9875185078976014,0.38594853107171423,0.15773433453182065,-0.15748564987840488,0.14638343026193903,-0.6429935765854793,0.3060249592070645,0.6179209394641508,0.14942302694071938,0.44465291980656085,0.7831843681028674,0.4527101044450552,0.5687246736016378,-0.3079888664149315,0.24783051706761122,0.17823706629294148,0.4524033299785778,-0.0775419127886161,0.1716296532243399,0.2623919447414262,-0.15618555058244396,0.48339272436834746,0.23664133075237462,0.22486346050496675,0.7507918859275837,-0.09883954150410557,0.5201859717075139,0.4430993868619671,0.05365573527198828,0.4009377909030789,0.6138834821565297,-0.8744742784164816,0.244661436594802,-0.8933275995895498,-0.7444644676626968,-0.5975436186247124,0.5384267883498572,0.7749314286079109,0.4466831895359262,0.3949380366710551,0.528701231442163,0.43528494865642453,-0.27573568386293273,0.1860982546366543
10,0.2550459488746453,1.0,0.8868669158450726,0.7660860356759497,0.9949908447217339,-0.14403560874782273,-0.4463851321154042,0.9845534446854146,0.16773201195944523,0.7893222564633303,-0.5385122601624031,0.09201967734693667,-0.44933103370187716,0.8322897497276374,-0.42074056904563284,-0.5623522085100356,-0.6110967726012896,0.7892610876633742,-0.7906222790596293,0.6737867568278786,0.8946452803519745,0.7623527229364081,0.7323485983761507,0.7541290140233952,0.663633509655496,0.7596071167383031,0.6424736052108472,0.7387472921850738,0.7682194296459199,-0.4598476924021837,0.7515789847655281,0.7964596913469768,0.6011158323298644,0.7573900576196395,0.876143437660264,0.7037249694148726,0.6705487884756037,0.7713567752050245,0.7727818212283458,0.8326510850391493,-0.6642282062906124,0.19274740235330623,0.6403573150447198,-0.3101052438650067,0.6316121852501293,0.4373810517535649,0.7644541765253374,-0.640153525737141,0.6011003546680854,0.3764592328643614,0.8144014764350901,-0.593836768362977,-0.2999461237630575,0.7501265842316949,-0.400702653250926,-0.2628126760000823,0.5689018195756511,0.7006934373425883,0.7152720606983972,0.7815061126984386,0.9222816530091025,0.8693468033500554,0.4203843702330045,0.9726830124898798,0.7968525957934733,0.8261475906433403,0.8961221374135053,0.9244130706293707,0.9787940784043485,0.23412464065549157,0.9393755765370251,0.8780282911567147,0.8444316051433733,0.7291205356378723,0.8834703705056582,0.8123516258250795,-0.127851553459475,0.5865123556130545,0.7503298229798212,-0.12534441356216755,-0.6840491668768804,0.8084294221704086,-0.6501843750753793,-0.5155404522399589,-0.5330565601454628,0.8592366480570568,-0.1437143619550821,0.6587468138287539,0.9083961747363146,0.671113706873689,0.8580132754624276,0.025632349240912393,0.7295430880307565
11,0.06822128951499297,0.8868669158450726,1.0,0.5483279366036568,0.8601812400188188,-0.5142134058242908,-0.538590996395014,0.858815775587117,-0.08145058461408974,0.8869292645799934,-0.7527820720558654,0.43153066089066994,-0.7325617578806466,0.9390802577897857,-0.6910264193684114,-0.6987797822724898,-0.6922863510418916,0.8974999673112859,-0.7931301008453973,0.8195300007614297,0.9222770823934131,0.877458784089573,0.8487183865325821,0.8921318161409316,0.7177732008901443,0.8637352225206745,0.8727990596422428,0.8526879335215637,0.8109170329120565,-0.706116545326176,0.8995967193814495,0.8485057276637189,0.6858736158226839,0.863768690288537,0.918618790391069,0.9074696741553945,0.8138443643345582,0.8653660071556823,0.7888998416056902,0.8301285480253853,-0.3041099762408368,-0.02922975353324175,0.8039228820230335,-0.38106400240368643,0.7669337625700752,0.46605439477099625,0.7754001252080439,-0.27762762602581315,0.6873824857804921,0.2216025881342301,0.912317856254285,-0.8002595250374268,-0.5152016656546854,0.9579420640474174,-0.35054509728776334,-0.4896956025793422,0.5376092607206271,0.9238677558183198,0.8229369976908378,0.6294226381840654,0.9170160568692128,0.8533765549702672,0.7732224475602388,0.9629445520991369,0.9640816479122447,0.52482641633338,0.9808233489203839,0.6926621613024914,0.9346422255417324,-0.043808738673095406,0.82899355482003,0.9797922558694737,0.5536779121684963,0.7038387419534522,0.9740539336211717,0.8304174999318785,-0.046003713765934394,0.211398951677883,0.8858011087824443,0.07549994121149749,-0.45766738039180027,0.9422464881077187,-0.4760445543977439,-0.11314910551698186,-0.6434011514422293,0.8650974170836526,-0.47303461927979384,0.8215049442497668,0.834062935857346,0.6994341374689316,0.9088980915359224,-0.2755983164197114,0.8994632792825067
12,0.615495882963932,0.7660860356759497,0.5483279366036568,0.9999999999999999,0.8015674110699393,0.2835329721463633,-0.6790194062974225,0.6637061652477031,0.08917681692327543,0.6160151763598964,-0.27449175341685317,-0.036095221793219466,-0.015406146999756582,0.5333977855944503,-0.016611862557055716,0.08100141774317943,-0.30188213886577064,0.4426144627964719,-0.39131487685210814,0.41214141933628606,0.6489183109280655,0.4796168500537801,0.4049832371337739,0.4595065892868575,0.6033770178425846,0.5250674043847829,0.20798342795784094,0.4212766837745325,0.5462888266814346,0.07815807492375777,0.41160125725983804,0.4924689738368345,0.30067248773029537,0.40669039064714163,0.49174781269891055,0.35103906981356314,0.4049678908040629,0.7106544511212278,0.6943028585218245,0.5609868348039752,-0.7231076180586014,0.7772552538377601,0.26169834988786855,0.2689148454675816,0.2789313290687259,0.22452550901262572,0.3931596831348154,-0.7583446488619291,0.5041724487577011,0.6685007946277773,0.5389867793236112,-0.004006037564060258,0.14898597914757755,0.46367647406402,-0.20630890034466765,0.3738321046791117,0.3369294245566271,0.5116945460879193,0.43111849003068214,0.788913541012875,0.7633362251672954,0.7336098868336163,-0.0769511994109181,0.716475125257141,0.45178575709456936,0.9424166554549885,0.510093600786469,0.813289540458373,0.7915955453027849,0.4792307483995598,0.9150318885703259,0.6527523393353022,0.8463605082686672,0.7854611279778653,0.4459566795035602,0.5722641801425881,-0.2896064682496457,0.6394553889619908,0.49636331839490117,-0.02055708028075824,-0.8240100459555965,0.45370570154301226,-0.8595676473621884,-0.679613405630157,-0.3563812858370225,0.6860707619968792,0.41467533360864767,0.4370836682188633,0.5883002007243113,0.38752542623421016,0.6149613999355675,0.24075458359206192,0.31661359552748847
13,0.24156491525057672,0.9949908447217339,0.8601812400188188,0.8015674110699393,1.0,-0.056722275309275115,-0.4925205474163757,0.9736668728050655,0.23662711811005838,0.7449169668580007,-0.4647266684660225,0.016764196620717108,-0.36658835618966723,0.7828450527224887,-0.3347688066263404,-0.5240443828154957,-0.5330732119464678,0.7287467238420943,-0.7263903240680285,0.6076113863630104,0.8542842736938255,0.703017443688484,0.6657913948951056,0.6950783354768391,0.6131612440821751,0.7034118810041119,0.5730928362134009,0.6734569919157478,0.7105937743347591,-0.37467197600999613,0.6899418536615082,0.7362269609459383,0.5228675847566098,0.6919943263515173,0.8245251660653515,0.6425828845077453,0.6034316241677867,0.7437149058163435,0.7317114003100711,0.7784105741621982,-0.6621649942259791,0.25608146764724776,0.5642088360199875,-0.3023403774168996,0.554211662982398,0.3560669724724584,0.6976638755283511,-0.6428274100992203,0.5409750801127794,0.35647655244607124,0.7623606692611067,-0.522660664147956,-0.2035468086325686,0.7100284139817975,-0.32340348470556357,-0.17889417719606812,0.49557189158673565,0.6739695738190008,0.6491472320979341,0.7544356145715048,0.8976489112895313,0.8343694027913846,0.3615731346945953,0.9554330685266647,0.7483432375362924,0.8671363194157458,0.8789314857199406,0.9547268885227523,0.9752688333114331,0.3281180348414557,0.9442992059453312,0.8541967268626709,0.8892437487923693,0.7022397574708127,0.8581214987456061,0.7580560359279602,-0.2172049283497622,0.6503249577793883,0.6942610139457814,-0.19320360625940602,-0.6710712858797233,0.7541760318695498,-0.6420593414589334,-0.5239566942364937,-0.45964660639034666,0.8185864713401568,-0.10968236629627516,0.5965347361223264,0.8650319056234697,0.5993972459150738,0.8124049825757447,0.11689770305400674,0.6639832677820977
14,0.07914860853837143,-0.14403560874782273,-0.5142134058242908,0.2835329721463633,-0.056722275309275115,1.0000000000000002,-0.06046366801352809,-0.16129967587026933,0.6664200434295834,-0.5773191142408106,0.8305685799061998,-0.876488902978667,0.9450236565359601,-0.6298729674309166,0.9419333680420646,0.5338965636809514,0.7171911083827248,-0.6878847388257286,0.5861902428124356,-0.7372012146892658,-0.49683234982710667,-0.6818458644449219,-0.7196867731168579,-0.7052083766692048,-0.530843764724263,-0.6490107431070172,-0.8497501590236634,-0.7107090747983544,-0.5871657608715993,0.9193424453696022,-0.732258015124417,-0.6213726421694228,-0.7202383270749184,-0.7072313659577518,-0.5784272285568808,-0.7833530182729928,-0.7392067305120069,-0.4671039039076104,-0.45641409435538716,-0.5296413585957048,-0.24960307014929756,0.599287361483809,-0.8107724657147427,0.21058986574994662,-0.7826502706689354,-0.6316575679591073,-0.6049025091662928,-0.2872473189038433,-0.611681074328516,-0.02796646846132002,-0.630453631408586,0.8214542248273057,0.9103174079650138,-0.6725891495727317,0.5053739338627163,0.8411596839996976,-0.5453666235284484,-0.597483819845717,-0.7023239045826216,-0.17535854169523893,-0.36965866009470866,-0.40605224757935726,-0.8765882265367689,-0.3330506981096833,-0.68716095771509,0.39966140851183474,-0.42618543253829133,0.22769310056002334,-0.21096517297263548,0.8371329642165348,-0.0712270236306408,-0.48069213733114297,0.40490268917370653,-0.3106060469531698,-0.47941646278240097,-0.5490566223941107,-0.6034463489099654,0.6824052513926396,-0.6830819736715874,-0.6134016483067578,-0.02188641501604641,-0.6851869986104807,0.00177293623715047,-0.399746849017487,0.7037604189571933,-0.46368503862699467,0.6322835175523298,-0.7294768475316292,-0.3984804663333118,-0.6314737222348054,-0.5467909703496249,0.8992574448532092,-0.7767657619503007
15,-0.1340265633968477,-0.4463851321154042,-0.538590996395014,-0.6790194062974225,-0.4925205474163757,-0.06046366801352809,1.0,-0.3041804556711273,-0.009653077705172857,-0.4740055609046047,0.22413700980918932,-0.16345533607200657,0.07260225210824965,-0.3922197974865177,0.03333899050556937,-0.02967936999258425,-0.00792616479443493,-0.25666138055257054,0.006723518397918086,-0.2647666917155507,-0.40220647290698675,-0.306735210651295,-0.2055256579495597,-0.33102225370624994,-0.35300497900478556,-0.34349533845623775,-0.2194885523533904,-0.22217949808627094,-0.2463497256195434,-0.08608258314196114,-0.29335864726692473,-0.20260308692150983,0.004005407480058064,-0.195915268068914,-0.2320612088115779,-0.34109573566987167,-0.24919694488090555,-0.6389759805539765,-0.416176916109231,-0.19837111142703998,-0.012220838269198307,-0.6224491648268322,-0.11238874439535566,-0.14613915066569547,-0.07087559470285427,0.18636489145800983,-0.009188782607618599,0.0391019916323526,-0.2714750962578169,-0.20240703224518353,-0.3673889564635828,-0.008834538010247939,-0.26341804777585304,-0.5586374699131803,-0.319468288258198,-0.3708508185203289,0.15054636704611749,-0.6981767744130701,-0.21495795731630837,-0.2774473766284257,-0.527713718613668,-0.4273409362965832,-0.2428479088116332,-0.5193774995963182,-0.4325265259598099,-0.512544525510559,-0.506510614689187,-0.46705191777643085,-0.5973313259001912,-0.4311256297005631,-0.632452415327023,-0.6240273380225927,-0.46875612195843513,-0.49770424001445984,-0.4176475076995556,-0.24378402865121318,0.5858525462814269,-0.24088166180923384,-0.37433788022514675,0.02931134764046745,0.25168644815177554,-0.3448712117887313,0.3998092112843061,-0.06947466275038923,0.11428353130763542,-0.3941602130495892,0.03955729815215871,-0.3372636581422706,-0.15477935775734364,-0.007547399072116844,-0.3852701454705882,-0.16746658277186655,-0.22855229931334367
16,0.1631869605259147,0.9845534446854146,0.858815775587117,0.6637061652477031,0.9736668728050655,-0.16129967587026933,-0.3041804556711273,1.0000000000000002,0.23684675981712544,0.725734878836774,-0.5007595578399928,0.0329604327034975,-0.4555112489552109,0.799215485514795,-0.42428597456755723,-0.6569891312180536,-0.6116218175456957,0.7747161691731154,-0.8179443530769446,0.6372238505401782,0.8584465953513959,0.7299334408172455,0.7162231256307314,0.7205521893808731,0.5908401911530624,0.715809775284894,0.6404720672014744,0.7195597020301141,0.7348511770505108,-0.5053188902018432,0.7293868846224916,0.7822045513407411,0.5992369831399301,0.7479770122102889,0.8797664629784226,0.6769867972998558,0.636114703930304,0.677377068781762,0.702853967183389,0.8183099916466301,-0.6602152435761994,0.052036552660242326,0.6380930137303681,-0.43149938146169464,0.6294806742136105,0.44156046108042873,0.7841142309402127,-0.621769943071917,0.5381403426366854,0.283211396995917,0.7783912502769519,-0.6501058998026561,-0.34405185633762736,0.6979047611486869,-0.4232358721045261,-0.3653511820196059,0.5790679604379878,0.6213960921780501,0.6902376608578634,0.7270099155013837,0.8655272887646752,0.8138931166797327,0.4325924662946045,0.9409144278358745,0.7667579873299887,0.7733869386843855,0.8887656462661886,0.9113534323352533,0.9345841810015248,0.2061393612212268,0.8673129542916551,0.8197531499794678,0.8215948654392944,0.6343251734303262,0.8913154055263307,0.7856795443667353,-0.08820678947622995,0.5993563272659527,0.7056641860118623,-0.19514821919695566,-0.6196708351973624,0.7880160753417652,-0.5559230866274,-0.5076392572403744,-0.49542214482226793,0.8105850103411634,-0.21264004942796494,0.6077580547291193,0.918291856987861,0.670448814852839,0.8192041046444669,0.03613257983447973,0.7262750127572762
17,-0.5239396579873519,0.16773201195944523,-0.08145058461408974,0.08917681692327543,0.23662711811005838,0.6664200434295834,-0.009653077705172857,0.23684675981712544,1.0,-0.4594161539578443,0.6927039187790043,-0.9099823652433268,0.5964307596174112,-0.3580691892012701,0.6545868056501208,-0.2508526388183644,0.5810291939350489,-0.40259885440477783,0.2842981069789754,-0.5856878386707222,-0.28184804584838774,-0.47716723130136923,-0.4879032375689699,-0.47526640546208554,-0.6166302498826155,-0.4999256254295612,-0.44882288603230713,-0.4872231494951986,-0.4834182206367128,0.4530462519141446,-0.44876317965159085,-0.41277397284413775,-0.5962731942308135,-0.44075055263015017,-0.22101807768534437,-0.4628909483921887,-0.5876288589374885,-0.42963447464640975,-0.48298836366564313,-0.3559336120180172,-0.06776309884135343,0.018583892534763984,-0.5402921825876347,-0.5849140534404109,-0.5638153296274252,-0.6701550408223081,-0.35093182272513873,-0.04373444870910732,-0.6826856930692693,-0.5485747436382236,-0.4063910106043768,0.22899533749016562,0.6356139751227302,-0.34396454164825463,0.5817600661748028,0.2536126116657083,-0.5364546370099107,-0.33876776020196214,-0.5314550288802163,-0.3166700444324505,-0.21267324698583465,-0.3337326375778857,-0.3113364586360971,-0.009686593076659464,-0.3285341721340865,0.36282273445745195,0.10370761132528428,0.48299998217914103,0.06780626090701315,0.8365026328264653,-0.002275510529622424,-0.19368481500819557,0.5453612244533462,-0.47449657629562986,0.08538747374758551,-0.41217968327726023,-0.7604402199703384,0.7929674771594305,-0.4961891985287305,-0.9931128533623359,0.2691377043410371,-0.35056978851383036,0.34839998432955654,-0.09791194886599787,0.7209383837923198,-0.35850863570486224,-0.102150185459106,-0.6092596354185993,-0.13212885870759122,-0.5177077359850826,-0.3525378212237258,0.9067304938782004,-0.4049990306460197
18,0.4743722309091833,0.7893222564633303,0.8869292645799934,0.6160151763598964,0.7449169668580007,-0.5773191142408106,-0.4740055609046047,0.725734878836774,-0.4594161539578443,1.0000000000000002,-0.9192349305352908,0.671739414157874,-0.7950976529220974,0.9793369048758396,-0.7961027883063835,-0.38876268713355944,-0.874827732341616,0.9574979982631048,-0.8522834731370353,0.9656896110054249,0.973933967102684,0.9794998334505124,0.9527887242055226,0.9783363457890228,0.9571205328056231,0.989230701304653,0.880865634704035,0.9585256474446596,0.9666420231341067,-0.7067512116507757,0.9616050923478506,0.9522993172652441,0.8755035193614897,0.9459823068432321,0.9170588844540476,0.9438096241075066,0.9623101353400201,0.9776033722751566,0.974864203595725,0.9395327499134907,-0.45923459603541933,0.14549754325521763,0.9059867993723314,0.039335690606245324,0.9016480274981219,0.7465534077930805,0.8679229268648595,-0.4539058931388317,0.9408094707047179,0.6068273196235494,0.9862913652272065,-0.6973438118944728,-0.6470485668877565,0.9345057316625333,-0.6382500680030597,-0.40128559796843494,0.776872683650467,0.900840434769302,0.9600859066185284,0.8418304850654595,0.9604690687171983,0.9710962531972551,0.6414384541073544,0.8921302980971106,0.949242922994502,0.4881832688214399,0.7848046588905574,0.5228532187806418,0.8517558975455117,-0.2914802619941971,0.8416010890443428,0.9432840728068324,0.40414782284999995,0.9269835254432447,0.7794244303867028,0.9603546014450565,0.2858758215753917,0.006635245445927773,0.9886054512536634,0.47995689086463295,-0.7103895683214853,0.957758820774149,-0.7461356482598162,-0.2979765564804673,-0.8976238817600526,0.978925432298582,-0.15300005558256702,0.9741310303067614,0.8635049091912663,0.8811555742651347,0.9849354632225528,-0.5359250667643114,0.919426568334898
19,-0.3852418253373043,-0.5385122601624031,-0.7527820720558654,-0.27449175341685317,-0.4647266684660225,0.8305685799061998,0.22413700980918932,-0.5007595578399928,0.6927039187790043,-0.9192349305352908,0.9999999999999998,-0.8779344430789977,0.9453894740593565,-0.912098814057309,0.9581368996411617,0.4037319586171854,0.9375162901121051,-0.9341510115657877,0.8324920305886557,-0.9836014946879988,-0.8543409491333557,-0.9552039405088661,-0.9589717426759783,-0.9589520963165123,-0.9108762187933326,-0.9522615734998499,-0.939987073261829,-0.9586389537391948,-0.923673236427474,0.8664912629888962,-0.9546134982421968,-0.9167528068269997,-0.940999584242485,-0.9436676404491142,-0.8450476567470543,-0.9553578101301404,-0.9835779706942698,-0.8492151705427331,-0.8734320665210817,-0.8708386882795686,0.24139531927037644,0.1413751533849231,-0.970627904175024,-0.043207937307052156,-0.9665673431632673,-0.8507829301607445,-0.8597986977829459,0.22507080337027946,-0.942234296301149,-0.5100840037947212,-0.927289264280981,0.7867217290839208,0.8669547672262164,-0.8753315480400886,0.7331859352101882,0.6195002614817201,-0.8212327791061823,-0.8143535307228071,-0.9649253038545228,-0.6788215124388675,-0.7829067626209736,-0.830411748616548,-0.7532607505560492,-0.691289162817495,-0.8996914369451031,-0.11961827014263002,-0.6263760040346722,-0.18214963734711667,-0.6053562341806288,0.6387111390113979,-0.5631660461574841,-0.7926108639794567,-0.033016348612927404,-0.7855583817411097,-0.6501309012958442,-0.8963647787610177,-0.5654471925165105,0.3537865478924077,-0.9587680004419111,-0.6918477883222496,0.5194088703722491,-0.9169138167965396,0.550912831339029,0.08088808065805156,0.9605326129395386,-0.8607409021409519,0.2829654438907561,-0.9842116604131694,-0.7447321343661032,-0.904181109834658,-0.8903891859557812,0.8185912408147128,-0.9372662516759082
2,0.3089645149175151,0.09201967734693667,0.43153066089066994,-0.036095221793219466,0.016764196620717108,-0.876488902978667,-0.16345533607200657,0.0329604327034975,-0.9099823652433268,0.671739414157874,-0.8779344430789977,1.0000000000000002,-0.8449250386640262,0.6238522739451539,-0.8698502990309412,-0.12712644857342936,-0.7178479345183629,0.6523097281844129,-0.4877118549323008,0.78194117680551,0.5184467118562418,0.7017158229366367,0.7069810855234304,0.7159036562686324,0.7159643585904765,0.7058870902362452,0.7453323699935069,0.7054930187904623,0.6490281892865242,-0.7189305986333239,0.7063142616526759,0.6167849626456876,0.728696376364034,0.672165115682222,0.49030795249543424,0.7460219488606169,0.7811354314126463,0.6295291866950093,0.6162058400441943,0.5392680984566443,0.1353849579042552,-0.18111675703994418,0.7616864425863815,0.2600773515519794,0.75427928242968,0.6902277626362427,0.5358411550262921,0.13106604820224457,0.7771871937340765,0.39288833591432226,0.6477334580469131,-0.5574842684653578,-0.784833051696657,0.6625453741157925,-0.5509513497683154,-0.5027087999134141,0.5807237526002386,0.6460894399656075,0.7255249744299034,0.3564739557355414,0.43937218729635075,0.508908699192876,0.6711687191463599,0.30124050426158905,0.6397082267110737,-0.2828438326031161,0.27314912856753537,-0.27532625143647743,0.21021740422763946,-0.8165733688726612,0.1890397361279073,0.49721397962282915,-0.40132700382819503,0.5533944675688081,0.2933334396641347,0.5895062990188079,0.6348213847139835,-0.7350673988412015,0.7252953910445039,0.8784757466217392,-0.22395037422732772,0.636633657188211,-0.30784760680770046,0.2425682404088866,-0.813445400578249,0.5451833631995302,-0.25820098784770634,0.8046501831740225,0.33770419094341814,0.6439207204104843,0.5801876434439348,-0.9446677389325496,0.6891819129597878
20,-0.08727957164401126,-0.44933103370187716,-0.7325617578806466,-0.015406146999756582,-0.36658835618966723,0.9450236565359601,0.07260225210824965,-0.4555112489552109,0.5964307596174112,-0.7950976529220974,0.9453894740593565,-0.8449250386640262,1.0,-0.8451274691825381,0.9954783024121584,0.612908122022748,0.8773893374861873,-0.8872578789984841,0.8022071982574854,-0.9056403308608386,-0.7511217896561979,-0.8790520708654362,-0.904190721333751,-0.8936276757218676,-0.734650156677278,-0.8525591946349753,-0.970802383934681,-0.8984998758257156,-0.8079439692818309,0.9729560390183519,-0.9130605805427954,-0.8396420027999242,-0.8777854953922322,-0.8982338609913694,-0.8104435734527464,-0.9362336750548275,-0.9069652964358926,-0.6884907660340408,-0.6963705507924315,-0.7722670992783138,0.03750224771119834,0.44267289633812507,-0.9539773639182878,0.22265695513305,-0.9325531485185035,-0.7618498631101572,-0.8154362293912056,-0.001299320059977987,-0.7882201537550593,-0.21913052097907282,-0.8457641994867541,0.913567291700318,0.9355571702469675,-0.8402508639830784,0.6412296680580835,0.8249983011367582,-0.7234695797096797,-0.7543876027214543,-0.8885496822077434,-0.45831908215552736,-0.6447782037559301,-0.6732938018779486,-0.8925513160322054,-0.6101206585346068,-0.8730650715131741,0.08157966456378549,-0.6441170096371064,-0.08188657863424383,-0.5009617676634215,0.7087782898424121,-0.379975143426469,-0.7117731320733849,0.09882298935770917,-0.5575380160306906,-0.6885370169967003,-0.7851512743941704,-0.5567898331500801,0.4389923958942759,-0.8749100513086074,-0.5693101179781225,0.2578417213207376,-0.8821943829553921,0.26739781074922836,-0.14046894909153593,0.8488171518453046,-0.7205759277471255,0.5514965650261926,-0.8934502593774457,-0.6695424506414122,-0.8221217871144214,-0.7870783516523951,0.8335526218814955,-0.9385032755207826
21,0.3251084138003195,0.8322897497276374,0.9390802577897857,0.5333977855944503,0.7828450527224887,-0.6298729674309166,-0.3922197974865177,0.799215485514795,-0.3580691892012701,0.9793369048758396,-0.912098814057309,0.6238522739451539,-0.8451274691825381,1.0000000000000002,-0.8343940859350886,-0.5642882882084687,-0.8887669731751888,0.9893249798529128,-0.9100196146246927,0.9626996238502697,0.9850496604848127,0.9884171143409154,0.9742876249646917,0.9906424217982542,0.8976665901292494,0.9832149110073332,0.9367679710573654,0.9771397088199023,0.9591458881220399,-0.7975433362934912,0.9885772914028045,0.9721090672255643,0.8860812978522234,0.9770284202668817,0.9720127320746904,0.9740414913087458,0.9604112493949526,0.9289216963617989,0.9279291796254869,0.9545638087421542,-0.42941968038386086,-0.018510715282951954,0.9400840163522931,-0.15619318124553502,0.9274028751744179,0.7338378362322835,0.9132880476184143,-0.4066352587172741,0.8879255279292508,0.4694455917717183,0.9973062624724538,-0.8164643485728251,-0.7046933472973144,0.9543323740767733,-0.6302889858109523,-0.5433941606196547,0.7764435378056848,0.8957048449878104,0.9668287066218978,0.7870892674196256,0.9527079623248865,0.949144494317747,0.7323402422634923,0.9261138212219496,0.9854698944926787,0.4596438364018973,0.8653761292455212,0.562346129407693,0.8732939279759105,-0.29517710348105713,0.8148301899049385,0.9553900250276084,0.4213678180854504,0.8456986099603264,0.8731332028859714,0.9624646742999775,0.2718806710209654,0.04098267861420177,0.9881213414587243,0.371098116894558,-0.6276578707352748,0.9949576840559249,-0.6381181042242334,-0.24772701177187512,-0.8658510227609996,0.9653397250223477,-0.305375516647814,0.9584280360078345,0.9085911293386835,0.8917851564328432,0.9905193654961885,-0.517407405902753,0.9706587659877055
22,-0.1619070206352816,-0.42074056904563284,-0.6910264193684114,-0.016611862557055716,-0.3347688066263404,0.9419333680420646,0.03333899050556937,-0.42428597456755723,0.6545868056501208,-0.7961027883063835,0.9581368996411617,-0.8698502990309412,0.9954783024121584,-0.8343940859350886,0.9999999999999998,0.5498819498799983,0.9027490331810616,-0.8831261644070495,0.8074470667640565,-0.9157924893169446,-0.744923447262475,-0.8811695573478103,-0.9089722791350985,-0.8915757346255188,-0.7630503257165024,-0.858481966076976,-0.9543948807540518,-0.9032926864599775,-0.8236577621331944,0.96229624257167,-0.9071630115185677,-0.8465760507970552,-0.9042345935938272,-0.8995993219316061,-0.7980215561322547,-0.9228801547388157,-0.9179751118630755,-0.6860708883730559,-0.7148086354965384,-0.7822111116028879,0.07521344879497402,0.41758953023495615,-0.9591119769978498,0.1468030899192463,-0.9455127953902415,-0.811492992451025,-0.8263465297643676,0.039294339112526985,-0.8199750825136602,-0.2865735439168496,-0.8419790954795888,0.8837016374507761,0.9540930469223489,-0.8112315215730301,0.6983400445553273,0.8067157921162122,-0.7666078589137603,-0.722155827603163,-0.8994213021331029,-0.49098752770939685,-0.6355697430682273,-0.6801038366799282,-0.847502900578979,-0.5807738901773633,-0.8495746078378952,0.09230726846330298,-0.5896869333334516,-0.04525371607594142,-0.4691351620735824,0.7522336489426624,-0.36712252505683246,-0.6824321727083027,0.12907857401643183,-0.5827050880842998,-0.636102217180727,-0.7970625168525795,-0.6255074441970087,0.46916974231486597,-0.8749855614304609,-0.6342085516535383,0.3017273862241057,-0.8671876719744404,0.3093271788332548,-0.0936835280180928,0.8835552297083445,-0.7266103237467526,0.4802260329637374,-0.9026139886778978,-0.668661846733469,-0.8487172860203903,-0.7848590599212963,0.8713675404612096,-0.9258422576539173
23,0.5269744173428823,-0.5623522085100356,-0.6987797822724898,0.08100141774317943,-0.5240443828154957,0.5338965636809514,-0.02967936999258425,-0.6569891312180536,-0.2508526388183644,-0.38876268713355944,0.4037319586171854,-0.12712644857342936,0.612908122022748,-0.5642882882084687,0.5498819498799983,1.0,0.42648520817763347,-0.5880290057592423,0.6115859608370492,-0.4354838338228677,-0.5045277451311941,-0.49777160647771457,-0.5313674913276385,-0.5210034736347846,-0.16332286120013437,-0.4349524343838928,-0.6871518674468586,-0.5221426293625011,-0.3934059420023433,0.7390659495601142,-0.5794776157219941,-0.5112427071859182,-0.41217337314563945,-0.5703291211756923,-0.6652340252882758,-0.6049085498628307,-0.4364962955253469,-0.27220784550405563,-0.23190712710631217,-0.47326475394203915,-0.0242665674490176,0.6599647431882772,-0.5665179132565373,0.8947732755354871,-0.5142571050055391,-0.21395159372562367,-0.5615013209352878,-0.10120825444550137,-0.1812743352829669,0.4024676314124361,-0.5163538803657973,0.8730035545757283,0.5272642744518822,-0.585661141528148,0.15915528281585226,0.8128354643344461,-0.2783928861394321,-0.47858964611951016,-0.4647197010428081,-0.09132335034963468,-0.42333257573832356,-0.34382525905678263,-0.7821418715489904,-0.5904600032537602,-0.6424322001161298,-0.08256018393450659,-0.7819545396685365,-0.42195904418518365,-0.5214114489346281,0.11836100032463699,-0.2835563006696279,-0.5436144300967604,-0.2597122605212367,-0.05613945072054628,-0.8293204201965699,-0.4312804277546948,0.025500417511086344,-0.13299518911661976,-0.4709767465445045,0.2896500323607241,-0.10974195746100986,-0.631230231757752,-0.18285078765691895,-0.20061935855027202,0.24413000476541147,-0.38522055110634107,0.8424816712001781,-0.39298336266248024,-0.5649797806192921,-0.4062649980343774,-0.48451359481555806,0.15475360514714184,-0.6710232863671234
24,-0.47699426142448714,-0.6110967726012896,-0.6922863510418916,-0.30188213886577064,-0.5330732119464678,0.7171911083827248,-0.00792616479443493,-0.6116218175456957,0.5810291939350489,-0.874827732341616,0.9375162901121051,-0.7178479345183629,0.8773893374861873,-0.8887669731751888,0.9027490331810616,0.42648520817763347,1.0,-0.9394290944395121,0.9453376146504624,-0.9575743522704883,-0.8701991925340793,-0.9422959965220836,-0.9672502976394909,-0.928751545016498,-0.9012425031682381,-0.9347741696439206,-0.8820319641869149,-0.9646181020980962,-0.9584584578684187,0.8538660331229315,-0.9288332415149021,-0.9613371610463803,-0.9998064869048612,-0.9614088006351782,-0.8941053308194192,-0.886812590710541,-0.9621537836004642,-0.7613647109122512,-0.8771698422090054,-0.94424105434048,0.49248934444946213,0.17680581276484764,-0.9701670846943027,-0.0035690438672400086,-0.9881011864481501,-0.9586671298540042,-0.9658544129533718,0.4611998396492113,-0.9317986302811319,-0.5880045822230657,-0.9124598245496871,0.7865817045132752,0.893685646436778,-0.7541026471816262,0.9024436411371756,0.6566696545832436,-0.9620949328607572,-0.6439529236258179,-0.9729466697064749,-0.7891201780635504,-0.7837660851056036,-0.8561454637303114,-0.6027461157255902,-0.6997309103233422,-0.8344199073460085,-0.2292427651861303,-0.5844430597046332,-0.2848433453042761,-0.6083958388257167,0.6096513677359715,-0.5816932689195565,-0.7160267459691901,-0.1485795761794257,-0.7802476227285908,-0.6268020623556125,-0.9474228207419858,-0.6743394795460212,0.1840895762676659,-0.9184778925775261,-0.6119511535736027,0.6540089042734115,-0.8904362880653534,0.6218132106201257,0.3435375109606804,0.9707921097966725,-0.8844647591935738,0.14843198039507866,-0.9306669292979629,-0.8670735268968212,-0.9929555435568999,-0.8965744711971882,0.7427652055363712,-0.914627734425362
249,0.32449575243963674,0.7892610876633742,0.8974999673112859,0.4426144627964719,0.7287467238420943,-0.6878847388257286,-0.25666138055257054,0.7747161691731154,-0.40259885440477783,0.9574979982631048,-0.9341510115657877,0.6523097281844129,-0.8872578789984841,0.9893249798529128,-0.8831261644070495,-0.5880290057592423,-0.9394290944395121,1.0,-0.9504263200785572,0.9762912413144553,0.9685293839787606,0.9933089627599244,0.9943686045603216,0.9924430491580751,0.8937159608712577,0.9825464898420285,0.9552415846985517,0.9947108238022956,0.9704621790525764,-0.8578362156155909,0.9956874751653314,0.9892016086755815,0.9364840261972691,0.9973408798767591,0.9799339696918495,0.9750346348707143,0.9762754597218258,0.8791935163467699,0.9114500120463205,0.9689476818203808,-0.43709769241435836,-0.12023986223102139,0.9754700591038217,-0.17274238870573677,0.9684751431077736,0.8065541814879164,0.955194889366418,-0.40610219064163505,0.8983813657660641,0.46528646131196355,0.9912122660895055,-0.8595115405896174,-0.7919450694395008,0.9187184078680108,-0.715341575138078,-0.6323430355207056,0.8407264328635868,0.8368137184499773,0.9859722328547029,0.7783342379342585,0.9133676695669316,0.9275180895360073,0.739330382844048,0.8822267490865465,0.9689218093792962,0.3830313495536786,0.820882231990411,0.49557622116125005,0.8128324963629192,-0.39858409507410464,0.7467276317856918,0.9036991789136346,0.3460237710025908,0.8123936426936825,0.8430719636259636,0.9720349953820471,0.39133402955470425,-0.02196257333194356,0.9836332433845277,0.4177538017895434,-0.6137740644546252,0.9918230873407612,-0.6051666382089697,-0.25543824229122974,-0.9009461654664789,0.9505184237804432,-0.3169257478286126,0.961761527614229,0.9208968063626993,0.9374098818770112,0.9790108429105404,-0.5912730379428717,0.9865153179896589
25,-0.3425134055251868,-0.7906222790596293,-0.7931301008453973,-0.39131487685210814,-0.7263903240680285,0.5861902428124356,0.006723518397918086,-0.8179443530769446,0.2842981069789754,-0.8522834731370353,0.8324920305886557,-0.4877118549323008,0.8022071982574854,-0.9100196146246927,0.8074470667640565,0.6115859608370492,0.9453376146504624,-0.9504263200785572,1.0,-0.8980411524222578,-0.9166295978285083,-0.9238530685746386,-0.9480760799586367,-0.9096783983215847,-0.816231437608562,-0.9055381215019798,-0.867729127698069,-0.9453042647889559,-0.9372194690570119,0.8306190266218002,-0.9207008384583236,-0.9696107560882166,-0.9390074413913351,-0.9601091166968014,-0.9689165410542974,-0.8676969252502877,-0.9024275173350866,-0.7318104529679095,-0.8418981321699245,-0.9707608146008996,0.5964428816942947,0.20380873993343143,-0.9308842094034757,0.23748118831165935,-0.9410121386911179,-0.8564099853243806,-0.9971765418854719,0.5499684768307188,-0.8256277800873293,-0.4652810341048166,-0.9176067547026071,0.8424573444686956,0.7999386736841353,-0.7618668676596542,0.8222983852349803,0.6764440970386595,-0.9135501322283315,-0.6356676901138396,-0.9366718053219012,-0.7989269399442277,-0.8428679905658051,-0.8773420420662076,-0.5989746820015629,-0.8267937622468798,-0.8605064217700144,-0.41348709630136693,-0.7405268832675516,-0.5306850814009205,-0.750188181663594,0.3826526199046271,-0.6877464428905686,-0.7753817657353398,-0.39322627666200455,-0.7301104327849628,-0.7824682812867402,-0.952547021371133,-0.4818580698301428,-0.09696287818585178,-0.889231184415217,-0.32172990899190007,0.6559388630052847,-0.9156388735973627,0.5885243321122864,0.43084606169597095,0.855461136477172,-0.9011124642377272,0.22961697860393884,-0.8578213248997127,-0.968603389011173,-0.9612597276251618,-0.9194267284513606,0.5141902276691602,-0.922133732803965
250,0.4355952414731751,0.6737867568278786,0.8195300007614297,0.41214141933628606,0.6076113863630104,-0.7372012146892658,-0.2647666917155507,0.6372238505401782,-0.5856878386707222,0.9656896110054249,-0.9836014946879988,0.78194117680551,-0.9056403308608386,0.9626996238502697,-0.9157924893169446,-0.4354838338228677,-0.9575743522704883,0.9762912413144553,-0.8980411524222578,1.0000000000000002,0.9314817420239463,0.991516610455966,0.9899186481040487,0.9898590310684392,0.9472930553455071,0.9906318291665732,0.938437258337342,0.9910678662599831,0.9754342226258644,-0.8381754351913183,0.9832843493124652,0.9708197288039546,0.9588380764665357,0.9807314619624709,0.9161526037590727,0.9673363578816758,0.9998640778911814,0.8987666815710905,0.9346532555902796,0.9424984887316117,-0.3878808279124235,-0.06134379655014541,0.9786707404718665,0.011450285024824544,0.9785142306564563,0.8595612533902516,0.9186591674152115,-0.3698668016608118,0.9616738852824244,0.5653213006211656,0.9760169887752809,-0.7894230062099269,-0.8206262254653387,0.8989433723392377,-0.7567639707355264,-0.5784395561027167,0.8613804816791301,0.8324810912015513,0.9948241735413133,0.7818157302897031,0.8747440810586228,0.9135103367644499,0.7082154688403487,0.7959233506303733,0.9351334167089314,0.28830103882064034,0.7062742424417174,0.34809946117155854,0.7223919503779663,-0.5170102942704965,0.6894067308000021,0.8586642997323043,0.20669236101133376,0.8536117209584762,0.7252544241490406,0.9603206695966264,0.4976768118156563,-0.18146091493390593,0.989924932774696,0.599599559005368,-0.6308568097869378,0.9585874057074107,-0.6473219130324785,-0.22256816341960028,-0.9638812411344844,0.9365205669448036,-0.22741288038503013,0.9958428708201169,0.8467748043272506,0.9443227790076167,0.9560312851423342,-0.7140033605307358,0.9592856571400166
251,0.41649405795227434,0.8946452803519745,0.9222770823934131,0.6489183109280655,0.8542842736938255,-0.49683234982710667,-0.40220647290698675,0.8584465953513959,-0.28184804584838774,0.973933967102684,-0.8543409491333557,0.5184467118562418,-0.7511217896561979,0.9850496604848127,-0.744923447262475,-0.5045277451311941,-0.8701991925340793,0.9685293839787606,-0.9166295978285083,0.9314817420239463,1.0000000000000002,0.968843704675947,0.9497815415869197,0.9631461817373055,0.9071070432972639,0.9701349940528887,0.8672131972667854,0.9543426901206344,0.9653604897442312,-0.7075982003839526,0.9548343434332944,0.9711180146885587,0.866619227759531,0.9549863128630396,0.9719691170805151,0.9208763100360811,0.9294792781248643,0.9318072159924039,0.952350926819056,0.9735718079186232,-0.5694671831909244,0.09693176575369403,0.893841812534759,-0.10905651399373459,0.8908510182670666,0.7294611007615402,0.9181469260875165,-0.5504829458210192,0.8824076006935145,0.5521189422725692,0.9857501505826088,-0.740885456405278,-0.6226441398818271,0.9069570106869856,-0.6487345338333499,-0.44333551775372854,0.7944306687051215,0.8485217361128327,0.947115734418918,0.8674663998049719,0.9848159150888183,0.9834741545069868,0.6124628031385291,0.9551516972986626,0.9479544907484223,0.5943218622860055,0.8541599278728234,0.6650976662324991,0.9176938134918093,-0.1846502729375162,0.8883315894495953,0.949442834508383,0.5458642569501256,0.8898572407645108,0.8559277630830052,0.9766992751417127,0.22963996244709542,0.1823208589767332,0.9640630283865889,0.3128409686881301,-0.7348299845912953,0.9670378080597347,-0.7332985562975856,-0.4008838460654097,-0.8444536836258835,0.9901208833439562,-0.175890454234221,0.9243612947934962,0.9489024957295067,0.8933382664503039,0.99709400759713,-0.41163858900111505,0.9243540539256909
