,1,10,11,12,13,14,15,16,17,18,19,2,20,21,22,23,24,249,25,250,251,252,253,254,255,256,257,258,259,26,260,261,262,263,264,265,266,267,268,269,27,270,271,272,273,274,275,276,277,278,279,28,29,3,30,31,4,5,559,560,561,562,563,564,565,566,567,568,569,570,571,572,573,574,575,576,577,578,579,580,581,582,583,584,585,586,587,588,589,6,7,8,9
1,1.0,0.9951400551841028,0.9853965186775928,0.9971283026121424,0.9953477644321167,0.8621399774746412,0.05317111819868888,0.9983494152422627,0.1856987389376212,0.9811315574880664,0.9167093040692373,0.9658528934375136,0.2674954389529176,0.9811670655634943,0.2689253547659614,0.1856987389376212,0.41503131965168455,0.9811670655634943,0.885913001993297,0.9811670655634943,0.9865256731442557,0.9811670655634942,0.9813433433649399,0.9811670655634942,0.9944810973096033,0.9811670655634943,0.9787799339002133,0.9811670655634943,0.9852752006476259,0.741104360980571,0.9811670655634943,0.9820426247681922,0.9822734518226439,0.9811670655634943,0.9818636532633908,0.9809105719079858,0.9811670655634944,0.9917544140911634,0.9946864680260826,0.9832929955564006,0.0,0.9924752834738128,0.9823814853526385,0.9981227465531416,0.9826033759615154,0.9815325674055263,0.9912639477889706,0.4304110060834338,0.9841135692942744,0.9999665684344249,0.9824068568432398,0.18569873893762118,0.8019204344608222,0.983391680369691,0.894353641240761,0.9081784123350412,0.9916778353107468,0.9853676778549022,0.9820730559358668,0.9956857600435677,0.9882249315073578,0.9903255591653739,0.9788530437705575,0.9904742840552891,0.9872643113656592,0.9987066012588987,0.9865532423834765,0.998582262886427,0.9939412705612748,0.9741826859316973,0.9952776993130176,0.9857304574376993,0.998740765174187,0.9918971571863778,0.9866556896530982,0.981688667045233,0.9841237140964749,0.994520244429828,0.9810272920903893,0.986830258106693,0.8975372926830716,0.9840832459286639,0.9644590812021107,0.22801700319979962,0.9301660331861187,0.9898566480615861,0.9944088289296935,0.987404421925644,0.9909392838661312,0.9825388914030425,0.9881780283475772,0.9608209763225349,0.9864386539021113
10,0.9951400551841028,1.0,0.9970025093937703,0.9894487841486667,0.9982365550225125,0.8143934054921934,0.037408543736139534,0.9991329853673013,0.10064990044940517,0.993518027357853,0.8882440995840515,0.9854815787434329,0.18302103255897087,0.9931646461616335,0.18502416918188466,0.10064990044940515,0.353256702968086,0.9931646461616335,0.8623931644004711,0.9931646461616334,0.9958404693219182,0.9931646461616334,0.9932868916529406,0.9931646461616335,0.9991262563440201,0.9931646461616335,0.9941051902089737,0.9931646461616335,0.9953941600113423,0.6848201552037146,0.9931646461616335,0.9937185364715985,0.992969921829459,0.9931646461616335,0.9936195319932014,0.9939513273140591,0.9931646461616335,0.9990676161955765,0.9999454998618402,0.9942506391860944,0.04576225529520637,0.9812102253437625,0.9938568756125734,0.9941752137684146,0.993773187471733,0.9903005765247728,0.9969132190614072,0.4649570609116673,0.9946981393272033,0.9957929232024516,0.9938259588620864,0.10064990044940515,0.7514456366291179,0.9963173790940922,0.8802563557543984,0.8717263130050963,0.9948031000670267,0.99597681085984,0.9940021577549649,0.9989347258997863,0.9965660414292673,0.9978411776252286,0.9911134929291546,0.9978022584121177,0.9980969371210247,0.9917637462848117,0.9975703914982994,0.9947703386123599,0.9991640402352785,0.9528316501774139,0.9982409458805563,0.9968656782769495,0.9935483302159599,0.9978099364211923,0.9978096146512621,0.9935136015054924,0.9920619238370306,0.9809452210285372,0.9937955734850047,0.9951583507684559,0.9034254268498744,0.9965871340698691,0.9670483572648981,0.2753145324740114,0.9092433429059251,0.997183554910949,0.9830313214186482,0.9979764046826617,0.9975688604111342,0.9933660584435092,0.9977016514276966,0.9368015507781369,0.9975496312639601
11,0.9853965186775928,0.9970025093937703,1.0000000000000002,0.9784021625534128,0.9958702175678885,0.7719434390221234,0.0,0.9933456360255716,0.033581253430148,0.998381547752712,0.8534543319575297,0.9905194135449819,0.11461461712797016,0.9979549422618744,0.1176161238741795,0.033581253430148,0.2945599154804889,0.9979549422618744,0.8310225500892987,0.9979549422618745,0.9985174630867584,0.9979549422618744,0.9979490943063086,0.9979549422618743,0.9974733162660178,0.9979549422618744,0.9990795011707163,0.9979549422618744,0.9981656676910928,0.6350037187982605,0.9979549422618743,0.9977502883297009,0.9947484509367407,0.9979549422618744,0.9978389613236072,0.9989376281699981,0.9979549422618746,0.9989201750908085,0.9971677662399772,0.9971399817079875,0.05438963718539742,0.9668493642974475,0.9974205646181065,0.9857391797982737,0.9966304129288724,0.9892304072470014,0.9944788505201386,0.4634144810219556,0.9983747928853917,0.9866730066102751,0.9981601805948854,0.033581253430148,0.7063872191842103,0.9995031350799702,0.856226484627453,0.8376288752329478,0.9895041196160108,0.99558109584583,0.9980302963011333,0.9958852249828579,0.9984771747431018,0.9985763805345796,0.9897900063471533,0.9986540781078491,0.9991212851364369,0.9813972185773969,0.9993033212241191,0.987172726340652,0.9978038663681614,0.9309403563867397,0.9959328947304901,0.9998901699776783,0.9847596629366557,0.9978136702300576,0.9991558049187769,0.9978955739072433,0.9873658582994381,0.9647306400039339,0.9987308066485326,0.9913456851086195,0.8884495189676965,0.9996833097980989,0.954129088712581,0.2848189467072755,0.8801325250388484,0.9982975999912183,0.96621674381865,0.9980616116164526,0.996709591562553,0.9954843614790008,0.9993985475682965,0.9108246298555639,0.9979032489125197
12,0.9971283026121424,0.9894487841486667,0.9784021625534128,0.9999999999999998,0.9911655799857145,0.8854141921608243,0.0,0.9935452287260048,0.23621883554111592,0.9716651499159332,0.9287796506217344,0.9576548664685465,0.31407941369247855,0.971560090219065,0.3170299426009875,0.23621883554111592,0.4630184077582798,0.9715600902190651,0.9064718836448136,0.9715600902190651,0.9785135348241775,0.9715600902190652,0.9715543969357346,0.9715600902190652,0.9896092252518434,0.9715600902190652,0.9698143340779115,0.9715600902190651,0.9754352854450705,0.776171413327563,0.971560090219065,0.9713608491668031,0.9684384071959088,0.9715600902190651,0.9714471768538672,0.9716829510840717,0.9715600902190651,0.9869493094834558,0.9894942532078919,0.9715889775897997,0.016481893978586803,0.9983933658634115,0.9710398462984191,0.9992268180672429,0.9702705932851127,0.9654639199720136,0.9800600466149783,0.4427223273416508,0.975346281812231,0.9969075341121372,0.9731435624835862,0.23621883554111592,0.8335298853080363,0.9769911513739233,0.9150916723170951,0.9302469727017112,0.9794958892329529,0.9810379943760867,0.971412518988821,0.9888718720822016,0.9807922259120888,0.9828338294074047,0.9724429992350125,0.9840665122686809,0.9804401393001445,0.9995781296703962,0.9812115124710131,0.9984084473276371,0.9896929169779457,0.9858068181165923,0.9910510593061428,0.9783749303727731,0.9991037161617851,0.9859109240200885,0.9802549891109602,0.9715022920945818,0.9720206589867987,0.9976086068359469,0.9716998791826769,0.97890847703839,0.8996823361158978,0.9753413459650075,0.9609909448094084,0.24181505263529868,0.9427488374309082,0.9830278268092509,0.9947238528654182,0.979857892758271,0.9809472830537653,0.969225504708102,0.9800189087531195,0.9738473258476981,0.9781029825647526
13,0.9953477644321167,0.9982365550225125,0.9958702175678885,0.9911655799857145,1.0000000000000002,0.8170610534741299,0.0,0.9982719520458067,0.10630140655853944,0.9942979688597683,0.8786534117130823,0.9770193682857111,0.18662128359240135,0.9943339534400283,0.18945079348113406,0.10630140655853944,0.3441278186099835,0.9943339534400283,0.8514140364962819,0.9943339534400283,0.997187073670754,0.9943339534400283,0.9943281267032377,0.9943339534400283,0.9997403618576356,0.9943339534400283,0.9912334152744585,0.9943339534400282,0.995857425032135,0.6857005221838142,0.9943339534400282,0.9941300420760502,0.9911390965772874,0.9943339534400282,0.9942183933280561,0.9940740177374704,0.9943339534400283,0.9985744973157655,0.9980023515774503,0.9938162491002922,0.0,0.9822751861329211,0.9938015147369808,0.9952008225492338,0.9930142300413485,0.9864991807326351,0.9950369018113752,0.4217116063906261,0.9959610705408727,0.9960958350908572,0.9950336606689223,0.10630140655853942,0.7528956165553727,0.9937504584693992,0.8687169699477575,0.8733661040419246,0.991698579628145,0.9907686645493292,0.9940807344226043,0.999188804378181,0.9979765143142695,0.9984894148976973,0.9822732687687699,0.9988665053097746,0.9948767305404421,0.9936332642961817,0.9952039576988747,0.9969567997965512,0.999480383820163,0.954863824671829,0.9999996238343533,0.9963912801572207,0.9956421237292595,0.999378590378516,0.9946701703109787,0.994274800498077,0.9836133187572085,0.9821294768822202,0.9941923042602133,0.9875762647848549,0.8805130478645805,0.9944554725951151,0.9523105082346318,0.23107690443420437,0.8989520710363451,0.998660284125527,0.9804591689322033,0.9936250231009746,0.9968867267071034,0.9918976229806884,0.9972536997198522,0.9357200403123475,0.992922947621981
14,0.8621399774746412,0.8143934054921934,0.7719434390221234,0.8854141921608243,0.8170610534741299,1.0,0.05155923052848642,0.8342357364952004,0.6578421968027404,0.7513617147049,0.9669159805677687,0.7400222273308483,0.7185868255017359,0.7513889071932424,0.7198462116590949,0.6578421968027403,0.7925335572186598,0.7513889071932424,0.951646208214007,0.7513889071932425,0.7717216715345829,0.7513889071932425,0.7515610133028559,0.7513889071932425,0.8102398702255552,0.7513889071932425,0.7496978888382179,0.7513889071932424,0.764067001356019,0.9757888422688019,0.7513889071932425,0.7522789453673371,0.7531044748764822,0.7513889071932424,0.7520876254404008,0.7511924814322494,0.7513889071932424,0.8003553194102773,0.8144949768355548,0.7555712563778239,0.0,0.9081391264916775,0.7526736244671433,0.8671128043409467,0.753047169527999,0.7591997488842216,0.7903736449232833,0.39228483397113445,0.7622021225023128,0.8583677670358956,0.7558438580755609,0.6578421968027403,0.9905756481371772,0.7709623246524083,0.9219046146699069,0.9914361291769376,0.8017521055059661,0.7968747131792059,0.7523183734212971,0.8118907179614894,0.7788954113845619,0.7862126970901657,0.7886384332769623,0.7893675414527621,0.7835587124698234,0.876788110646781,0.7844057805447576,0.8593401201661899,0.8102807006810968,0.9500027898339993,0.8165626664467828,0.7710491294663003,0.8672251200426204,0.796312377961492,0.7828272260820596,0.7519065962994788,0.7915751295547606,0.9100071327114743,0.7512818670765313,0.8031425130594586,0.8156438777361278,0.7644519517031199,0.8437651276303026,0.1746180165121821,0.9507615528128818,0.786251806456373,0.9030919641239202,0.7858241098836345,0.7863474357174948,0.7533825474306116,0.7771664613686767,0.9635741953099559,0.7810407499785547
15,0.05317111819868888,0.037408543736139534,0.0,0.0,0.0,0.05155923052848642,1.0,0.04615279172965955,0.0,0.0,0.15891954997290728,0.03331008986538182,0.055128029025574704,0.0,0.02816442860109238,0.0,0.020792863797068763,0.0,0.057494597613620115,0.0,0.0,0.0,0.003423425860446574,0.0,0.006886705068690521,0.0,0.012645012093319235,0.0,0.021585695894748815,0.009867374034909894,0.0,0.02025103905573628,0.08009869335353403,0.0,0.015245449068904638,0.0,0.0,0.0,0.031719321272300795,0.043450420189887075,0.0,0.0,0.03272092146854267,0.0,0.05150461794880267,0.13437020905509034,0.0875354878754183,0.08669576449867974,0.0,0.04958738130065067,0.0,0.0,0.0,0.0,0.0,0.0,0.12589686580743115,0.021267793215518745,0.021738423484271727,0.03864713213994286,0.0,0.013597998514226498,0.067450888896101,0.0,0.024324583641420903,0.013298438367009249,0.0,0.0,0.0,0.0,0.0,0.0,0.004645774468172425,0.0,0.017268246476092156,0.010907634538802388,0.14750728891028253,0.04160334264887259,0.0,0.09521043869778434,0.16665309223258612,0.021353727966670743,0.1608149983112583,0.0,0.11177547329859336,0.0,0.09225351210282878,0.044472219545397006,0.05726666572300156,0.07048646831614733,0.018100122487321027,0.03493611340060591,0.05148008001514595
16,0.9983494152422627,0.9991329853673013,0.9933456360255716,0.9935452287260048,0.9982719520458067,0.8342357364952004,0.04615279172965955,1.0,0.1341811352597156,0.9897749074877156,0.9000653998027255,0.9781146598125648,0.21655534282717223,0.9896155162254812,0.218247641186583,0.13418113525971562,0.37651277311716186,0.9896155162254812,0.8714255080300036,0.9896155162254814,0.9933484650610956,0.9896155162254814,0.9897677177991864,0.9896155162254812,0.9984017837745015,0.9896155162254813,0.9889004706351804,0.9896155162254813,0.9926398310944756,0.7073399430881606,0.9896155162254814,0.9903472144749318,0.990132598307269,0.9896155162254814,0.9902041245194352,0.9898814298616968,0.9896155162254813,0.9971406922776238,0.9988648453814105,0.9912203056033987,0.02294499513503131,0.9866069778278644,0.9905957659905663,0.9967584534215612,0.990679137247811,0.9883538584389824,0.9960717325999436,0.4477472138661132,0.9917059383108139,0.9987244343293202,0.9905048717795534,0.1341811352597156,0.7717857266371109,0.9919874889022294,0.885212381156755,0.8867957038345383,0.9950572832370442,0.9923853414116727,0.9905057896920465,0.9989263555584632,0.9944574210495778,0.9960589211775245,0.986785149653793,0.9960459684154702,0.9946690048990248,0.9956874733728961,0.9940004054174816,0.9974341893805365,0.9981354684793626,0.9622004493811496,0.9982470964469701,0.9934651811348474,0.9967647614730436,0.9966567954145173,0.9942180777553318,0.990060061768564,0.9899976478154687,0.9875328332542077,0.9898618221846731,0.9926848490611253,0.9005506158259137,0.9926169988832922,0.9663974799082132,0.25229717228012,0.917771547666782,0.995474109613901,0.9886946986942291,0.9946588350780313,0.9962774371345282,0.9904537473879812,0.9950511426133876,0.9470699116710584,0.9940407827673114
17,0.1856987389376212,0.10064990044940517,0.033581253430148,0.23621883554111592,0.10630140655853944,0.6578421968027404,0.0,0.1341811352597156,1.0,0.0,0.5103772643462694,0.0,0.9951635794117447,0.0,0.9960491542473847,1.0,0.9201765218665269,0.0,0.5286341831761255,0.0,0.031474156014391415,0.0,0.0,0.0,0.09421500970963519,0.0,0.0,0.0,0.018032327052837756,0.7915252187143572,0.0,0.0,0.0,0.0,0.0,0.0,0.0,0.07923965365206734,0.10164015275276375,0.004040240592413909,0.0,0.28720145478150305,0.0,0.1992487779711553,0.0,0.011780375731859942,0.05876968525284909,0.1197198576585174,0.016594682640363057,0.1785080295123312,0.006798462245276793,1.0,0.7300863010216018,0.03465607741147626,0.45962706186726887,0.5739418226343053,0.07941552702234814,0.08152787923355713,0.0,0.09495975493362888,0.04286295380287578,0.05364815810235533,0.07425926080931133,0.05983154860280048,0.052822134184758354,0.2168660445858528,0.05603236118586136,0.18349221672119945,0.09524072005871409,0.3955584690437353,0.10543891088080684,0.031350895957138795,0.19845105586051637,0.07118690318969281,0.052455778003251324,0.0,0.07044361492203878,0.2869124191753481,0.0,0.0899567346247231,0.24531653445754284,0.02055404300867043,0.20058515237799443,0.0,0.46005320719822435,0.054706299627534,0.27260201447796106,0.056583916104099935,0.05207991739004993,0.00034713552331844044,0.039199023474453164,0.44098862356577734,0.04859424451829755
18,0.9811315574880664,0.993518027357853,0.998381547752712,0.9716651499159332,0.9942979688597683,0.7513617147049,0.0,0.9897749074877156,0.0,1.0,0.8304615195074271,0.9841063169582221,0.08130221724531306,0.9999638103675978,0.08408849529010055,0.0,0.2502795177772782,0.9999638103675978,0.8020924760553686,0.9999638103675978,0.9994683943213499,0.9999638103675978,0.9999579506401864,0.999963810367598,0.9954822381940197,0.999963810367598,0.9975083648990507,0.9999638103675978,0.9995681928800042,0.605697119148178,0.9999638103675978,0.9997587444701744,0.9967508644242428,0.9999638103675978,0.9998475959614676,0.9998969194939977,0.9999638103675978,0.9961487808950075,0.9932505767044184,0.9990112598528572,0.008507523441912164,0.9574458274287344,0.9994283570297686,0.9797668552471527,0.9986366147772134,0.9908253168772694,0.9944060377640891,0.4189527689843106,0.9998261141241734,0.9826525740886214,0.9999407013924515,0.0,0.6797549844222768,0.9964022329000303,0.8273073516148484,0.8174305499995166,0.9888237350305532,0.9887834271176512,0.9997606966490072,0.9946946400411943,0.9990448049068328,0.9984659663284604,0.9813616927991023,0.9982078307498723,0.9955640659986873,0.9760754628032182,0.9955637751062201,0.9829855875695656,0.9952153830565322,0.9182210675743947,0.9943897941799394,0.9990195084620739,0.9800643189416517,0.997426896388841,0.9954291384587293,0.9999043225053728,0.9824840500715155,0.9570183545703802,0.9999649555888352,0.9846069390401756,0.8628184376592298,0.9983750355389156,0.9382949797026409,0.24065985033794227,0.8566657567277944,0.9984663536830812,0.9571994462154925,0.9939768923216309,0.9969635233647827,0.9974765756313789,0.9989252781981901,0.8944906424848373,0.9941190459697383
19,0.9167093040692373,0.8882440995840515,0.8534543319575297,0.9287796506217344,0.8786534117130823,0.9669159805677687,0.15891954997290728,0.9000653998027255,0.5103772643462694,0.8304615195074271,1.0,0.8499103132588706,0.5842740590756836,0.8290972945110205,0.5834040788625275,0.5103772643462694,0.7278888455960408,0.8290972945110205,0.9876748307181564,0.8290972945110204,0.8447502251862912,0.8290972945110205,0.829636485348159,0.8290972945110205,0.87738711064777,0.8290972945110204,0.8412862421643921,0.8290972945110205,0.8414029560800413,0.9212170336916056,0.8290972945110205,0.8321455547903228,0.8391626016160836,0.8290972945110204,0.8314237378793721,0.8326275625308471,0.8290972945110205,0.8735912771817379,0.8889866375476051,0.8372746770378794,0.16388197249646805,0.9461739957962622,0.8338533296450565,0.9183131013938006,0.8361819711201144,0.8488868091661612,0.8687262835381567,0.563300722584736,0.8374526755251285,0.9137309199967563,0.8325479147913499,0.5103772643462694,0.9481153906430232,0.8572901086812127,0.9722780801031184,0.9794511015102162,0.8804001066068188,0.8854760322029583,0.8333336207731958,0.8793355663367871,0.8502115990980662,0.8584724472073886,0.8893067664149961,0.8596895113461649,0.8692013660880205,0.9220876937917345,0.8672285294965156,0.9086704420772002,0.8785166099152741,0.9675817218501378,0.8782893484083855,0.8505502023728878,0.9146212942916971,0.8633260467798995,0.8684012005104895,0.8307814078725871,0.8893402837611657,0.9465352047815345,0.831745308120873,0.8968688964868862,0.9324257026828842,0.8506285514622868,0.9434240261545418,0.35207213380833,0.996123752259652,0.8557765638392444,0.9535331305549176,0.8743670155625807,0.862290873158243,0.8384139081916395,0.8550950924772114,0.9836198543637219,0.871411728331792
2,0.9658528934375136,0.9854815787434329,0.9905194135449819,0.9576548664685465,0.9770193682857111,0.7400222273308483,0.03331008986538182,0.9781146598125648,0.0,0.9841063169582221,0.8499103132588706,1.0000000000000002,0.08194189921850989,0.982586750563616,0.08450780354412636,0.0,0.2993817030531395,0.982586750563616,0.8386730780088792,0.982586750563616,0.982099943703195,0.982586750563616,0.9826950272877822,0.982586750563616,0.9815556927885584,0.982586750563616,0.9941818186405099,0.982586750563616,0.9829170294636254,0.6104850933629454,0.982586750563616,0.9830598121683343,0.9820977328683679,0.982586750563616,0.9829803829737807,0.9865093039919629,0.982586750563616,0.9868630226050663,0.9865453015081365,0.9830980905764015,0.1827941889940562,0.9472014096749979,0.9831505390017979,0.9674897079937632,0.9829982420173969,0.9780829467071696,0.9804098437339485,0.5714514250337566,0.9824514471626445,0.9672281036869547,0.9825640431690458,0.0,0.6811700580243296,0.9940560881773027,0.8704923544631422,0.8129803508847815,0.9758338999016456,0.9952872149929749,0.9841680084332727,0.9786964856834525,0.981683715293658,0.9827638695102247,0.9966008589554429,0.9825424584968889,0.9934521392597806,0.9595564994437498,0.9929248150217156,0.9659035700359817,0.9832015061093654,0.907131244031261,0.9771095978940538,0.9885939100478919,0.9631878174699107,0.9800939222862308,0.9937741985779369,0.9828916307496479,0.9873878512519415,0.9417733986104907,0.985532113308933,0.9923148218691166,0.9260634849059853,0.9917080178406227,0.9690866495410233,0.40613654418763184,0.8825125198843697,0.9811153162151988,0.950425748755064,0.9940761663552039,0.9815461593958587,0.9824906488122616,0.9865916821699304,0.8927351147720557,0.9943279451385952
20,0.2674954389529176,0.18302103255897087,0.11461461712797016,0.31407941369247855,0.18662128359240135,0.7185868255017359,0.055128029025574704,0.21655534282717223,0.9951635794117447,0.08130221724531306,0.5842740590756836,0.08194189921850989,1.0,0.08129461441545507,0.9996236400098727,0.9951635794117448,0.9373852396649576,0.08129461441545507,0.5946078548947815,0.08129461441545507,0.1125762720596678,0.08129461441545507,0.08148286475413613,0.08129461441545507,0.17507914204616545,0.08129461441545507,0.08183475778703649,0.08129461441545507,0.10039754368523576,0.8375297964577493,0.08129461441545507,0.0823943429279267,0.08544909285305613,0.08129461441545507,0.08212561802697996,0.08130170203771371,0.08129461441545507,0.1598660827105313,0.18367587817087072,0.08763321070115454,0.0012394737601308247,0.3636705144866894,0.08305492327590751,0.2779526930082461,0.0840260647301334,0.09968264288929138,0.14415504756016287,0.15847278125004655,0.09779784382290502,0.2602655974040894,0.0880583177347467,0.9951635794117446,0.7818592589197286,0.11554054496201455,0.5248429578114926,0.6376517412594442,0.16636083971572677,0.16276386983242644,0.08247981700673093,0.17749727358508177,0.12387555204767427,0.13531492338972279,0.1574952177296328,0.1406993155608338,0.13488971362010713,0.2959028560078094,0.13674431408480528,0.26251909757397746,0.17570525933465253,0.46830979566170816,0.1857704244806806,0.11243889519371679,0.27742420986397387,0.1519309828933115,0.1341273241055348,0.0818910945910676,0.15816184908262787,0.3656215541197971,0.08130395425669933,0.1748845519666354,0.32369065206701725,0.10282859042970825,0.28489263181257435,0.02009789201052994,0.5337512263605754,0.1356145917996813,0.3542086430471155,0.1396197182855994,0.13603573382872067,0.08532364501001816,0.12123133827701263,0.5135413298938055,0.1320661933178169
21,0.9811670655634943,0.9931646461616335,0.9979549422618744,0.971560090219065,0.9943339534400283,0.7513889071932424,0.0,0.9896155162254812,0.0,0.9999638103675978,0.8290972945110205,0.982586750563616,0.08129461441545507,1.0,0.08404557351589406,0.0,0.2477153266277183,1.0,0.7997509051346074,1.0,0.9995045660241787,1.0,0.9999941400605197,1.0,0.995364958002783,1.0,0.9968817939336749,1.0,0.9996043681946366,0.6049881692430858,1.0,0.9997949266810485,0.996786937777104,1.0,0.9998837813879609,0.9997385830970986,1.0,0.9957934225737558,0.9928232430982237,0.9990474150115586,0.0,0.9571686295447333,0.9994645272836098,0.9795706903360578,0.9986727563771567,0.9908611757789825,0.9944240545997125,0.4113157513264028,0.999862298773219,0.982688137211073,0.9999768901885182,0.0,0.679134423109473,0.995708197703089,0.824529790964587,0.8169843523925507,0.9888595214931332,0.9876984818987191,0.9997453380561451,0.994730638977358,0.9990809612795613,0.9984437691154638,0.979931743780598,0.9981619596746304,0.9948988063383519,0.9761107878938159,0.9948847019349887,0.9830211627440888,0.9949938427562155,0.9180169297028764,0.9944257820834441,0.9987174151948551,0.9800997883927112,0.9974629942079359,0.9947302351541054,0.9999405099848531,0.9816873496383137,0.9570529899662765,0.9998575436559066,0.9835867858894564,0.8593044140186965,0.9979248375054871,0.9362931047272574,0.2323936577190828,0.8548916237633799,0.998502489121115,0.95690304858919,0.9932378048780819,0.9969996044139714,0.9975126752484128,0.9987457281862729,0.893907249446652,0.9933858817369767
22,0.2689253547659614,0.18502416918188466,0.1176161238741795,0.3170299426009875,0.18945079348113406,0.7198462116590949,0.02816442860109238,0.218247641186583,0.9960491542473847,0.08408849529010055,0.5834040788625275,0.08450780354412636,0.9996236400098727,0.08404557351589406,1.0,0.9960491542473848,0.9395801153055764,0.08404557351589406,0.5968858429392402,0.08404557351589408,0.1153537409620417,0.08404557351589406,0.08414149984713733,0.08404557351589406,0.17779011352560606,0.08404557351589408,0.08456045364165918,0.08404557351589408,0.102581355314835,0.8399866311799379,0.08404557351589406,0.0845986969547732,0.08603146378862493,0.08404557351589406,0.08446518521778476,0.08414712960967055,0.08404557351589406,0.16286717370996182,0.18586853739318834,0.08921354744637326,0.005402671286290724,0.36671058378358495,0.08492213546080567,0.2809372436365709,0.08538462269926247,0.09879578923645917,0.14459123469711685,0.1611171805582687,0.10056311994625279,0.26178996016145223,0.09081523380812494,0.9960491542473848,0.784689777840484,0.1186676510673139,0.5288920544390499,0.6406403176216252,0.16575684742339789,0.1655281455984712,0.08466915023996865,0.1792757650296562,0.12666194126345062,0.1377710041464463,0.15915511979645022,0.14353832785250878,0.1373607063905565,0.298421574196195,0.13988074876289688,0.2653858446772166,0.17865282221189965,0.4713016728503228,0.1885994231817876,0.11537960717073703,0.2801709007509453,0.1547380041246709,0.13680425365739138,0.08434778093762749,0.15735474077720904,0.36738667426309446,0.08412479105958592,0.17561944193357276,0.3235130644128528,0.1052542489918485,0.2843060261555432,0.024786414176885752,0.5343798608621233,0.13840987783124115,0.35475695678956226,0.1415823188096375,0.13728044413570276,0.08616750002927048,0.12363106714563936,0.515750274105941,0.1338302726642815
23,0.1856987389376212,0.10064990044940515,0.033581253430148,0.23621883554111592,0.10630140655853944,0.6578421968027403,0.0,0.13418113525971562,1.0,0.0,0.5103772643462694,0.0,0.9951635794117448,0.0,0.9960491542473848,1.0,0.920176521866527,0.0,0.5286341831761255,0.0,0.031474156014391415,0.0,0.0,0.0,0.09421500970963519,0.0,0.0,0.0,0.018032327052837756,0.7915252187143572,0.0,0.0,0.0,0.0,0.0,0.0,0.0,0.07923965365206734,0.10164015275276377,0.004040240592413909,0.0,0.287201454781503,0.0,0.1992487779711553,0.0,0.01178037573185994,0.058769685252849105,0.1197198576585174,0.016594682640363057,0.1785080295123312,0.006798462245276793,1.0,0.7300863010216019,0.03465607741147626,0.4596270618672689,0.5739418226343053,0.07941552702234814,0.08152787923355712,0.0,0.09495975493362888,0.04286295380287578,0.05364815810235532,0.07425926080931133,0.059831548602800474,0.052822134184758354,0.21686604458585282,0.05603236118586136,0.18349221672119947,0.09524072005871409,0.3955584690437354,0.10543891088080684,0.031350895957138795,0.19845105586051637,0.0711869031896928,0.05245577800325134,0.0,0.07044361492203878,0.28691241917534804,0.0,0.08995673462472309,0.2453165344575428,0.02055404300867043,0.20058515237799446,0.0,0.46005320719822446,0.05470629962753399,0.27260201447796106,0.05658391610409994,0.05207991739004994,0.00034713552331844044,0.039199023474453164,0.44098862356577734,0.04859424451829755
24,0.41503131965168455,0.353256702968086,0.2945599154804889,0.4630184077582798,0.3441278186099835,0.7925335572186598,0.020792863797068763,0.37651277311716186,0.9201765218665269,0.2502795177772782,0.7278888455960408,0.2993817030531395,0.9373852396649576,0.2477153266277183,0.9395801153055764,0.920176521866527,1.0,0.24771532662771834,0.7700184731478252,0.24771532662771836,0.2765543794485824,0.24771532662771834,0.24778505785853155,0.24771532662771834,0.33885493226733787,0.24771532662771836,0.27076404748316674,0.24771532662771834,0.26465907498917285,0.9043956545016656,0.24771532662771836,0.24808560392036672,0.24858488309092172,0.24771532662771836,0.24800353404229172,0.2545659550228864,0.24771532662771834,0.3335025262387561,0.35659373498714736,0.252100549930931,0.3024565131956338,0.5124677124871907,0.2482630434922875,0.4342330245186162,0.24845747654610068,0.25908546642330554,0.3028715764652513,0.4858930649326124,0.2629512532768373,0.408716874269767,0.2539653873161185,0.9201765218665268,0.8629760336248561,0.3044970674053877,0.7269944084417403,0.7474215309390618,0.32064971917643403,0.3599726797142784,0.24993654395969375,0.3345933467077327,0.28692915039815725,0.2990520878072671,0.3645760687851789,0.30523063105940573,0.32049426622252847,0.4416291578835962,0.32343004509352546,0.4123546381832037,0.3432697832369348,0.5998290401093666,0.3433569176995202,0.2882708348788982,0.42549234050767654,0.3125913883888215,0.32116454499358416,0.24792739099849867,0.3406537187241797,0.5019518186038142,0.2527851276075655,0.36593890861015343,0.5680975119355033,0.2838478451851367,0.49222630288433944,0.35174327253742493,0.7015973125198096,0.2976838227466791,0.501568317387222,0.32658580376877405,0.29608553787867575,0.24888421965814722,0.29151928575869157,0.6498390143919699,0.3192059005407738
249,0.9811670655634943,0.9931646461616335,0.9979549422618744,0.9715600902190651,0.9943339534400283,0.7513889071932424,0.0,0.9896155162254812,0.0,0.9999638103675978,0.8290972945110205,0.982586750563616,0.08129461441545507,1.0,0.08404557351589406,0.0,0.24771532662771834,1.0,0.7997509051346073,1.0,0.9995045660241786,1.0,0.9999941400605196,1.0,0.9953649580027832,1.0,0.9968817939336748,1.0,0.9996043681946366,0.6049881692430858,1.0,0.9997949266810486,0.9967869377771041,1.0,0.9998837813879609,0.9997385830970986,1.0,0.9957934225737558,0.9928232430982236,0.9990474150115586,0.0,0.9571686295447334,0.9994645272836098,0.9795706903360577,0.9986727563771567,0.9908611757789824,0.9944240545997127,0.41131575132640275,0.9998622987732189,0.982688137211073,0.999976890188518,0.0,0.679134423109473,0.9957081977030889,0.824529790964587,0.8169843523925508,0.9888595214931332,0.987698481898719,0.9997453380561452,0.994730638977358,0.9990809612795614,0.9984437691154637,0.9799317437805979,0.9981619596746304,0.9948988063383517,0.9761107878938159,0.9948847019349889,0.9830211627440887,0.9949938427562156,0.9180169297028763,0.9944257820834441,0.9987174151948551,0.9800997883927111,0.997462994207936,0.9947302351541054,0.9999405099848531,0.9816873496383136,0.9570529899662765,0.9998575436559066,0.9835867858894564,0.8593044140186964,0.997924837505487,0.9362931047272574,0.23239365771908285,0.85489162376338,0.9985024891211149,0.9569030485891901,0.9932378048780819,0.9969996044139715,0.9975126752484126,0.998745728186273,0.8939072494466521,0.9933858817369766
25,0.885913001993297,0.8623931644004711,0.8310225500892987,0.9064718836448136,0.8514140364962819,0.951646208214007,0.057494597613620115,0.8714255080300036,0.5286341831761255,0.8020924760553686,0.9876748307181564,0.8386730780088792,0.5946078548947815,0.7997509051346074,0.5968858429392402,0.5286341831761255,0.7700184731478252,0.7997509051346073,1.0,0.7997509051346074,0.8159929961198357,0.7997509051346074,0.7999430471350103,0.7997509051346074,0.8512661795366591,0.7997509051346074,0.8196870920446645,0.7997509051346074,0.8102080636221881,0.926770960858852,0.7997509051346073,0.8007512229039243,0.8017864978573307,0.7997509051346074,0.8005344901540913,0.8059126187336791,0.7997509051346076,0.8510944235987049,0.8647381839531715,0.8036230481382498,0.2786373294433726,0.9275342454237594,0.8012039365583802,0.8963280933724861,0.8016506781301138,0.8063951925953825,0.8319806040550864,0.6478368496346891,0.8084132949565065,0.883122180105822,0.8033263225778429,0.5286341831761255,0.9502164537023354,0.8385500636124403,0.994340634643087,0.9723714031598514,0.8400614492644829,0.8709386477818419,0.8024850800203525,0.8479577026825189,0.8216747256581821,0.8295588037597252,0.8748303452497884,0.8325953958508755,0.8479610707867328,0.8960528788308143,0.8487006959976893,0.8831723227766473,0.8545299310008876,0.9510646018366927,0.85103153183888,0.8263761904831639,0.8890108116382227,0.8353537628765937,0.8483285787324943,0.8003304579998721,0.8580821257615449,0.9194676747861368,0.8043400269603236,0.8742304638005051,0.942603212897417,0.8261122333219768,0.9307583430921921,0.45686578217246476,0.9924461495922511,0.8274728894719601,0.925536674910252,0.8521956995460789,0.8281750845407061,0.8019977637500247,0.8275747939558799,0.970200174107231,0.8482996040165888
250,0.9811670655634943,0.9931646461616334,0.9979549422618745,0.9715600902190651,0.9943339534400283,0.7513889071932425,0.0,0.9896155162254814,0.0,0.9999638103675978,0.8290972945110204,0.982586750563616,0.08129461441545507,1.0,0.08404557351589408,0.0,0.24771532662771836,1.0,0.7997509051346074,1.0,0.9995045660241788,1.0,0.9999941400605196,1.0,0.9953649580027831,1.0,0.9968817939336748,1.0,0.9996043681946367,0.6049881692430858,1.0,0.9997949266810485,0.9967869377771041,1.0,0.9998837813879609,0.9997385830970985,1.0,0.9957934225737557,0.9928232430982235,0.9990474150115586,0.0,0.9571686295447334,0.9994645272836098,0.9795706903360577,0.9986727563771567,0.9908611757789823,0.9944240545997126,0.4113157513264028,0.9998622987732189,0.9826881372110731,0.9999768901885182,0.0,0.679134423109473,0.9957081977030888,0.824529790964587,0.8169843523925507,0.9888595214931334,0.9876984818987191,0.9997453380561451,0.9947306389773581,0.9990809612795614,0.9984437691154641,0.9799317437805979,0.9981619596746304,0.9948988063383517,0.9761107878938158,0.9948847019349888,0.9830211627440888,0.9949938427562155,0.9180169297028763,0.9944257820834441,0.9987174151948551,0.9800997883927112,0.997462994207936,0.9947302351541054,0.9999405099848531,0.9816873496383136,0.9570529899662765,0.9998575436559067,0.9835867858894564,0.8593044140186965,0.997924837505487,0.9362931047272576,0.23239365771908285,0.85489162376338,0.9985024891211152,0.9569030485891901,0.9932378048780818,0.9969996044139715,0.9975126752484127,0.9987457281862728,0.893907249446652,0.9933858817369767
251,0.9865256731442557,0.9958404693219182,0.9985174630867584,0.9785135348241775,0.997187073670754,0.7717216715345829,0.0,0.9933484650610956,0.031474156014391415,0.9994683943213499,0.8447502251862912,0.982099943703195,0.1125762720596678,0.9995045660241787,0.1153537409620417,0.031474156014391415,0.2765543794485824,0.9995045660241786,0.8159929961198357,0.9995045660241788,1.0,0.9995045660241787,0.9994987089879112,0.9995045660241786,0.997837158298745,0.9995045660241786,0.9963879048230825,0.9995045660241788,0.999676682503217,0.6296010257722138,0.9995045660241786,0.999299594305517,0.9962930956614744,0.9995045660241787,0.9993884049907884,0.9992432786360929,0.9995045660241786,0.9977940739008848,0.9955304027566746,0.9986796161414466,0.0,0.9657338390804199,0.9989693585991654,0.9853565648578876,0.9981779799629205,0.9907410468708719,0.9957811093792546,0.41488005300637004,0.999889236649696,0.9878196696909547,0.9996954435234485,0.031474156014391415,0.7017768069844386,0.9963056608192387,0.8385876647457131,0.8346439250554374,0.9908691435763379,0.9897751637034388,0.9992500302485032,0.9972265937638876,0.9999350579219767,0.9996376366472953,0.9817834998609689,0.9995505838217424,0.9960684317595321,0.9824528651668466,0.9961553735294438,0.9883094033176235,0.9974985102828321,0.9300119818930188,0.9972517104956172,0.9992093596456691,0.9858602931512207,0.9992093648481547,0.9958884133395639,0.9994451054824064,0.9834181416979428,0.9656091596419772,0.9993621802577982,0.9859307958776816,0.8665998162948448,0.9980773527920522,0.9421424816919639,0.2322785220052834,0.8689478678256007,0.9997296316725094,0.9650088846408686,0.9945266521268408,0.9981448283812154,0.9970293993754011,0.9994846717997697,0.9073441221627242,0.9944231874534334
252,0.9811670655634942,0.9931646461616334,0.9979549422618744,0.9715600902190652,0.9943339534400283,0.7513889071932425,0.0,0.9896155162254814,0.0,0.9999638103675978,0.8290972945110205,0.982586750563616,0.08129461441545507,1.0,0.08404557351589406,0.0,0.24771532662771834,1.0,0.7997509051346074,1.0,0.9995045660241787,1.0,0.9999941400605195,1.0,0.995364958002783,1.0,0.9968817939336748,1.0,0.9996043681946367,0.6049881692430858,1.0,0.9997949266810485,0.996786937777104,1.0,0.9998837813879607,0.9997385830970985,1.0,0.9957934225737558,0.9928232430982235,0.9990474150115586,0.0,0.9571686295447334,0.9994645272836099,0.9795706903360578,0.9986727563771567,0.9908611757789824,0.9944240545997126,0.4113157513264028,0.9998622987732189,0.9826881372110731,0.9999768901885181,0.0,0.679134423109473,0.9957081977030889,0.8245297909645871,0.8169843523925508,0.9888595214931333,0.987698481898719,0.9997453380561452,0.994730638977358,0.9990809612795614,0.998443769115464,0.979931743780598,0.9981619596746304,0.9948988063383517,0.9761107878938158,0.9948847019349887,0.9830211627440888,0.9949938427562154,0.9180169297028764,0.9944257820834442,0.9987174151948551,0.9800997883927111,0.997462994207936,0.9947302351541054,0.9999405099848531,0.9816873496383137,0.9570529899662766,0.9998575436559066,0.9835867858894564,0.8593044140186965,0.997924837505487,0.9362931047272574,0.23239365771908282,0.85489162376338,0.998502489121115,0.95690304858919,0.9932378048780819,0.9969996044139715,0.9975126752484128,0.9987457281862729,0.8939072494466522,0.9933858817369767
253,0.9813433433649399,0.9932868916529406,0.9979490943063086,0.9715543969357346,0.9943281267032377,0.7515610133028559,0.003423425860446574,0.9897677177991864,0.0,0.9999579506401864,0.829636485348159,0.9826950272877822,0.08148286475413613,0.9999941400605197,0.08414149984713733,0.0,0.24778505785853155,0.9999941400605196,0.7999430471350103,0.9999941400605196,0.9994987089879112,0.9999941400605195,0.9999999999999998,0.9999941400605196,0.9953827013485936,0.9999941400605197,0.9969192415280992,0.9999941400605195,0.9996724076030764,0.6050184042724734,0.9999941400605196,0.9998583958740896,0.9970553086041882,0.9999941400605195,0.999930113794111,0.9997327246895052,0.9999941400605196,0.9957875872845645,0.9929260139588237,0.9991903099462938,0.0,0.9571630205944917,0.9995706881307002,0.9795649501110955,0.9988432264562618,0.9913153758410116,0.9947178985878342,0.4116101375631686,0.9998564396406593,0.9828521374415573,0.9999710303844598,0.0,0.6791304434228546,0.9957023629133103,0.8245249592699121,0.8169795649136892,0.9892847254223369,0.9877655027586788,0.9998138994900897,0.9948571155076142,0.9990751067255923,0.9984844700351659,0.9801569145572415,0.9981561105059552,0.99497624970024,0.9761505941614815,0.9948788719708453,0.9830154022995671,0.9949880121525135,0.9180115501792263,0.9944199548085434,0.9987115627712441,0.9801099495317225,0.997457149135156,0.994783522656679,0.9999719918721368,0.9821865772773157,0.9571898076527809,0.9998516845512118,0.9839069680084396,0.8598699030525073,0.9979920926308713,0.9368381563302941,0.23239229590631297,0.8552692691960564,0.9984966379569576,0.9572132642542865,0.9933842319111187,0.9971898102410052,0.99774813508295,0.9988018400241498,0.8940216123983485,0.9935562987930507
254,0.9811670655634942,0.9931646461616335,0.9979549422618743,0.9715600902190652,0.9943339534400283,0.7513889071932425,0.0,0.9896155162254812,0.0,0.999963810367598,0.8290972945110205,0.982586750563616,0.08129461441545507,1.0,0.08404557351589406,0.0,0.24771532662771834,1.0,0.7997509051346074,1.0,0.9995045660241786,1.0,0.9999941400605196,1.0,0.9953649580027831,1.0,0.9968817939336748,1.0,0.9996043681946366,0.6049881692430858,1.0,0.9997949266810484,0.9967869377771041,1.0,0.999883781387961,0.9997385830970986,1.0,0.9957934225737558,0.9928232430982235,0.9990474150115586,0.0,0.9571686295447334,0.9994645272836098,0.9795706903360578,0.9986727563771567,0.9908611757789825,0.9944240545997125,0.4113157513264028,0.9998622987732189,0.9826881372110728,0.9999768901885181,0.0,0.679134423109473,0.9957081977030889,0.824529790964587,0.8169843523925507,0.9888595214931333,0.987698481898719,0.9997453380561452,0.994730638977358,0.9990809612795614,0.998443769115464,0.9799317437805979,0.9981619596746305,0.9948988063383518,0.9761107878938158,0.9948847019349888,0.9830211627440888,0.9949938427562156,0.9180169297028763,0.994425782083444,0.9987174151948551,0.9800997883927111,0.997462994207936,0.9947302351541054,0.9999405099848531,0.9816873496383136,0.9570529899662766,0.9998575436559067,0.9835867858894564,0.8593044140186964,0.9979248375054872,0.9362931047272574,0.23239365771908285,0.8548916237633799,0.998502489121115,0.9569030485891901,0.9932378048780819,0.9969996044139715,0.9975126752484128,0.9987457281862729,0.8939072494466521,0.9933858817369766
