,1,10,11,12,13,14,15,16,17,18,19,2,20,21,22,23,24,25,26,27,28,29,3,30,31,32,33,34,35,36,37,38,39,4,40,41,42,43,44,45,46,47,48,49,5,50,51,52,53,54,55,56,57,58,59,6,60,7,8,9
1,0.0006995304406289221,5.644440503852975e-05,0.0001377732790228444,5.214083370191605e-05,-0.000178852478770415,-6.694674592826897e-05,-3.817294095066418e-07,3.0194284523653853e-05,-3.5912977113987985e-05,-3.6271507413886557e-06,-3.189326099453065e-06,-6.741600499463137e-05,-2.5307976124990753e-05,0.00013299438839683983,4.769865639478991e-05,-7.452316202836835e-05,0.0001521070123580937,2.7279725776176904e-05,-7.960502556953714e-05,-7.879961467334703e-05,-0.00018708779714545482,-1.951753171342816e-05,4.663989810222263e-05,6.42610484838527e-05,-4.4634706966003114e-05,-2.199052115071968e-05,2.49042857566564e-06,5.382670138667161e-05,-0.0002590771199999848,7.04404290269336e-05,1.1753047703212576e-05,-9.759934491546968e-05,-7.626896537255571e-05,0.00021493238639249608,-1.9903234385808663e-05,7.930756850641754e-05,7.956262703301982e-05,-0.0003496806530789104,-6.412636172389892e-05,3.3365446396291686e-05,-0.00025150437638437196,-0.00012139021626741376,2.649304115056013e-06,0.00021496529443788972,-0.00012255408853148437,0.0001584515609315335,8.687162014963877e-05,-6.140723087270033e-05,0.00013713260492993832,-6.235531733428488e-05,-7.236643847914983e-05,-9.445478834443341e-05,-2.9651085791324336e-05,0.00010849681242497838,-6.275758256853975e-05,-0.00010804061939131495,0.00011926666890246173,-3.679220763176392e-05,-0.00012022180899322225,7.736771515609108e-05
10,5.644440503852975e-05,0.0009174940344651991,0.00031502517320317546,9.427883149487592e-05,-9.000973138965821e-05,0.00015590399712152097,0.00010627475595200326,4.500532927872529e-05,-5.480766691718892e-05,0.00026706754490225115,-0.0002965756951495789,-0.00015551144429217653,1.4509543078849072e-05,-0.0001847467503368662,-7.217107857063878e-05,-7.488275746757027e-05,-0.00010619262798034187,-0.00010264512870821091,-0.00020970640262296482,-0.00016411641538793348,-0.00015443405952407993,-0.00020000328827825606,-4.2084390904080805e-05,-0.00019293976022474193,0.00013102692197872488,-0.0002773318671311224,-0.00013072331525553217,-5.152997717131692e-05,6.383562400553682e-05,-0.00012545941647614553,5.5586885065711034e-05,-7.716493606452823e-05,-0.0001811637739015026,0.00022247104810930895,8.035335631829919e-05,0.00020152740696413495,-7.68388363236654e-05,9.509149355947729e-05,-0.00016277111058718037,-0.0003097518131147931,-0.00011844472122767027,-6.155913436570434e-05,-0.00016739063615467774,-3.2247451686575835e-05,0.00044405775337929827,4.3658133624661996e-05,-0.00022239220542505543,-0.00013156589910845998,6.419979267758546e-05,-0.00011925337750060302,0.00028523036989244803,4.9992648889895624e-05,-1.0788111880631408e-05,0.0001877068815007178,1.697178777343367e-08,9.88990260015192e-05,-0.0001441328880234385,0.0001543576064386866,3.924326803889752e-05,0.0003120778663850728
11,0.0001377732790228444,0.00031502517320317546,0.0011417865219151152,8.740039314359585e-05,2.120572834326988e-05,0.00016646403437210302,-4.8622028970041645e-06,-0.00016507301726322002,-1.9735008341993034e-05,0.0003715027860249908,-0.0003808526971175401,0.00017231821023790792,-9.838469134981755e-06,-0.00014634812878386362,-0.00017559202384813082,-2.3299372731718735e-05,-6.241853306808961e-05,-9.800148943381027e-05,-0.00017123609969320263,-2.1733786036984698e-05,-0.0001247352675256887,-2.559829890492944e-05,-9.03183456671189e-06,0.00018307097843571607,2.3071852266533676e-05,-0.0002103262515781589,-0.00027145642043649475,0.00011979827528082165,-1.2827878406830505e-05,7.838359557641582e-05,-0.00014385968099934996,9.28527326472542e-06,-2.3883946955374827e-05,0.00040427748762911046,-0.00010675811525333266,0.00018505461218531344,-8.745121383416472e-05,-1.0463062834616653e-05,0.00020855244720759602,-0.00012795025987816217,0.00015758492011600569,0.0002144295535972428,-0.0001823633441899484,-1.0091733726318486e-05,0.00012535254531850887,6.7170531870142e-05,-0.0001741614105820522,-0.0001297146639821308,-0.00029274151580888455,-0.0002389551172393364,-3.9737277205602415e-06,-0.00025834379071308693,-0.00012629263969703153,-2.7123307537857218e-05,-0.00016454958026093097,0.00024852071367571543,-2.407461492625498e-05,-0.0002680434609575529,-5.875282807495709e-06,-9.839166301306155e-05
12,5.214083370191605e-05,9.427883149487592e-05,8.740039314359585e-05,0.0014646883335388253,5.243959287509822e-05,-8.947413070585989e-05,7.39434707019548e-05,0.00025579733554444427,1.6105713317855388e-05,0.00011951504639304069,4.393653665607789e-05,0.000602332054635254,0.00026751951069734983,-3.100273639497547e-05,-0.00013501388944944724,-0.00016336457173531856,-0.0002142132269106058,-1.4746980383689874e-05,-3.473543010658759e-05,-0.0001194500194835586,-5.8215887758041366e-05,-0.0002293001578889975,-0.0001310795809582197,-9.016733060194569e-05,-0.000283132078786434,-0.00021787535579702785,2.9478472734970116e-06,-0.00012479454990936212,-0.00020542102342777113,-0.00023364407738304894,-0.00020592533464250392,-0.00017615403845713367,0.0003475000940728164,0.00022053787472716145,-0.00012246969879483533,0.00022158745414489569,-8.814036969307629e-05,-0.00019545632136068895,8.56856887641038e-05,-0.0001355301106560887,-0.00016392225271786643,0.00010002311034544689,5.8120196489842225e-05,-2.6139665556622657e-05,0.00017668451121926771,-0.00011923919913635919,-9.684486827471066e-05,-0.0002596739216525609,-0.0001408493614885463,5.7848769477925536e-05,-0.00011695650248054381,-1.102130852041667e-05,-3.513305754121235e-05,7.76590693370174e-05,-0.0001777423579963216,0.0003450702704107052,-0.00023254663952027737,-9.680262365605971e-05,-0.00013687340156912653,8.928952243288191e-05
13,-0.000178852478770415,-9.000973138965821e-05,2.120572834326988e-05,5.243959287509822e-05,0.0009522316319965493,0.0001958602626944919,-0.00021298461475563376,0.00010212832331151978,-7.296218929195341e-06,0.00024842466621344966,-0.00018319673873804857,1.1199086583232328e-05,4.90206398496427e-05,2.3238751191027323e-05,-0.00014107903959633363,7.469369281286125e-05,-0.0002117134532950443,-2.2531456337209297e-05,-0.0001113223658842032,-0.00022626714933673386,-4.8542343956631206e-05,-0.0001294097224700769,3.2125187708115756e-05,-1.1062702072057673e-05,0.00012210179398855774,-0.00021893809163097346,-4.490503315896262e-05,-7.795227223764722e-05,-8.107410548906748e-05,0.00012420582725274925,-0.00014936438942568254,-1.4721003598116119e-05,0.0001575194915718528,-5.669020442559879e-06,-0.00017203584173017345,0.00024998183254560307,-3.987032829359272e-05,0.00018507819531067636,6.375020754674821e-05,-0.00025155938957182336,-0.00021875382813902185,0.00019072870859208888,-0.00017807130398756764,-0.0001310721600503252,0.0002146327766586857,-0.000262166537795718,-2.4764245761241065e-05,7.155131294278305e-05,-0.00023568352193397695,3.5403376335854178e-06,-0.00015727854162476523,-6.82050735422935e-05,7.446486522457802e-05,-0.00010776514766861058,9.05502498862585e-05,7.526571257169564e-05,6.283143713705206e-05,0.0003321069842984036,0.00015470846088092916,7.853209399185224e-05
14,-6.694674592826897e-05,0.00015590399712152097,0.00016646403437210302,-8.947413070585989e-05,0.0001958602626944919,0.0014483783845844185,0.0003786412817600055,-5.944528115808002e-06,-9.572019954397872e-05,-7.544788125929594e-05,-0.0002083192811486161,-4.6072242679334305e-07,0.00027748570948618286,0.00014247062279409528,-1.3788507002792547e-05,-1.367115879136505e-05,-0.00013294093155255201,3.852124425605497e-05,1.3410290907412307e-06,-0.00012045018868062412,0.00013017376898837005,-0.0002541021566244716,-0.0003353279561281059,-0.00018226649081699172,-0.0001470480024870938,0.0004274341145046481,-0.0002188571567933736,-0.000134249644913906,8.034621493769987e-05,7.323718734083905e-05,-0.00015565809700178625,-0.00015804744451644636,-0.00010485230450977272,-4.952148460323158e-05,-0.00015978014141698703,5.927501777586709e-05,-3.1366987297602286e-05,0.0006330029971645849,-0.00015602147933372213,-8.847181154002556e-05,-0.00013311897338815553,1.5342003223759533e-05,-0.00012499532104238742,0.00018248803952408116,0.0001258494043633326,-6.194805266087891e-05,-0.00010299923552855375,0.00026211957464726126,-0.0002212106122207071,-0.00013560548621969473,-0.00024229474285093053,-5.050266657722554e-05,-0.00011466126803490745,-0.0005204791992937635,1.5899495600848915e-05,-9.096355483700512e-05,-0.000278722395827325,0.00010339845673373101,0.0002874335810799707,-0.00012482948042361958
15,-3.817294095066418e-07,0.00010627475595200326,-4.8622028970041645e-06,7.39434707019548e-05,-0.00021298461475563376,0.0003786412817600055,0.0017455383340400118,-0.0001590271854862128,-8.980532194548627e-05,-0.0002581610020671317,-7.142544416301485e-05,5.572180017807249e-05,0.0002211040929207867,0.00020167454957515244,3.174100971311478e-05,-1.981641285958703e-05,0.0002253516468090474,0.0001346770779818079,-8.880846497593106e-05,8.797570514333941e-05,5.0019670249000334e-05,2.112349412100876e-05,-0.0002359939353386936,0.00026217463571191995,0.0001848287144925545,0.0002176597798064909,6.566607267212848e-05,-0.00013009610573156373,6.290863171284711e-05,-0.00012105853041205833,-1.3490907371972775e-05,-5.715326297310048e-05,-0.00016881408891233665,-1.389574878020733e-06,-2.534013707365598e-06,-0.0002261841928372829,-5.525207175883852e-05,-0.0001482444076217458,-4.7210137651085744e-05,-2.8428410296921434e-05,-9.488845202330415e-05,-0.00027925006445241583,0.00011532997605121337,6.635456212814061e-05,-0.0002339269676886814,9.271879137263805e-05,-0.000140845780593851,-8.852560536157284e-05,5.866623887593121e-05,-0.00035444641158887,-7.798246243200702e-05,-0.0001308933205980462,7.310885213629903e-05,-0.0004422377457691033,-0.00019357794905549124,9.038731766379376e-05,-0.00023436955704890145,-5.881733889273417e-05,-0.00011801559416641239,-3.469119404736723e-05
16,3.0194284523653853e-05,4.500532927872529e-05,-0.00016507301726322002,0.00025579733554444427,0.00010212832331151978,-5.944528115808002e-06,-0.0001590271854862128,0.0008480682696614255,-1.607683432090686e-05,-0.00010933786728197496,3.9808429580470775e-06,6.369389185480064e-05,-0.00022227438811630622,-0.00011516948435265283,-0.0001250905712943094,-8.181603659390024e-06,-0.00019962569243799972,-0.0001237920970888889,0.00023188140324232394,-0.00020788359682007713,-0.00020643132419919156,-0.00015824845926467308,5.158429297723092e-05,-0.00016741723239703684,2.478955495832782e-05,-0.00022656411877350715,-5.719071822793904e-05,8.409956723513767e-05,-7.4292683721951295e-06,-6.353156702249998e-05,-2.5550897690725432e-05,-8.073301033410941e-05,-0.00010315412621470498,-9.739848121380099e-05,-0.00017576783923530897,0.00024319937482377603,2.087933705650524e-05,6.714555972415427e-05,-2.748279503636719e-05,-0.0001870030003330749,-8.715747672752437e-05,6.634549203680773e-05,-0.0001067938336314042,0.00019110653047281826,-4.608405551269077e-05,5.175309868624147e-06,-6.137472931218955e-05,-1.3969873308886218e-05,5.679788726134592e-05,-7.743728210317564e-05,0.00013250463765187523,0.00010788493185236964,-3.827730878048959e-05,0.0002536294844397159,0.00023499265988187495,0.00020084707438587247,-0.00013967726026639418,0.00012948848953191149,-1.4496191636122804e-05,0.00017542785129847152
17,-3.5912977113987985e-05,-5.480766691718892e-05,-1.9735008341993034e-05,1.6105713317855388e-05,-7.296218929195341e-06,-9.572019954397872e-05,-8.980532194548627e-05,-1.607683432090686e-05,0.0015583314038724152,7.475376847087264e-05,0.00019110177131040896,-0.00010314982259448535,-9.287748243703874e-05,-0.00015741015915259334,3.3381388503268955e-05,-5.054347371777609e-05,-7.313979055128351e-05,-0.00010672481110896801,0.00015480225444136327,2.6156573015981146e-05,-3.6814284852372427e-05,-3.3544876703358384e-05,0.0002073160512327009,-0.00016476379816099057,-0.00018811496024861198,-3.6268525518049066e-05,2.432818188853469e-05,0.00010865127028842798,-0.00014435753433796237,-0.00011680455457752479,-0.00020382437597172954,-6.755689354441506e-05,-0.00013811656530648866,-8.318796433231273e-05,0.0001438976783048451,0.00018784615915699694,-7.006324625527756e-05,-0.0003330154498641561,-0.00031737277396154075,-8.102461008638373e-05,-0.00012377892129638345,2.45916184679832e-05,-1.6081621013181675e-05,0.00022461459884651035,0.00016453570563533182,-0.00016300736123475734,6.45372128688539e-05,-0.00015770056426932735,-5.130817166316609e-05,-0.00010251832613515303,-0.00015710681375363965,-1.2794796862718694e-05,5.1584959833703586e-05,5.6841869468703984e-05,-5.561525260617377e-05,-1.984198978180771e-05,-2.0337611375616475e-06,-7.261846175874569e-05,0.0003233097837437296,0.00021574825924017494
18,-3.6271507413886557e-06,0.00026706754490225115,0.0003715027860249908,0.00011951504639304069,0.00024842466621344966,-7.544788125929594e-05,-0.0002581610020671317,-0.00010933786728197496,7.475376847087264e-05,0.0017135226494238804,-0.00019032018699867382,-6.327612900454878e-05,2.0535483785489417e-05,-4.772788517673063e-05,-0.00032831201363793224,-0.0003345536968450723,-0.0004015164108346736,-0.00018259961205379803,-0.00016345848078066705,-0.00030141791194439885,-0.00025528161243209326,-0.0002015478151717917,0.000316208065789675,5.3804300866861835e-05,-0.0004435772825700554,0.0001652757886306602,-0.00012231087917081258,-8.341835226545866e-05,5.41325705041264e-07,-0.00019728955055451605,-6.566627952850985e-05,-9.827591490999034e-05,-1.1486149362982552e-05,-0.0001225822145458104,3.884972254883014e-05,1.3599526968570227e-05,0.0001422711262820262,-0.0005383741384757377,0.00010943307326114346,-0.0003345727712555375,-0.0001464319559394579,-1.504784059707646e-05,-0.0001817335692919154,0.0002471787208523365,0.0004358416052029248,-0.0002347846243550076,-7.585949865310932e-05,1.8215266916286712e-05,-8.815225842604312e-05,-1.5189870380599108e-05,-7.995234961402035e-05,0.00020803931465667296,5.298503474308114e-05,0.00033360606128550295,-9.812442021020157e-06,0.00020754139660573157,0.00013486864473826404,0.00023678170395373334,0.00015719111789595737,9.354985603055609e-05
19,-3.189326099453065e-06,-0.0002965756951495789,-0.0003808526971175401,4.393653665607789e-05,-0.00018319673873804857,-0.0002083192811486161,-7.142544416301485e-05,3.9808429580470775e-06,0.00019110177131040896,-0.00019032018699867382,0.001554430191227661,-9.940525676487896e-05,6.643088170387391e-07,0.0001140363514964774,-0.00021863802959561717,-0.000327725517082291,-1.095057277308046e-05,6.894596213822614e-05,2.465551677186096e-05,-0.00023694406474986161,0.00018005914326762375,-0.0002063773032678021,0.00013744664396620788,-0.00022241737436146916,-0.0002980257564060829,-0.0005542325169493042,0.0004170984873044495,0.00011134297460907963,0.00023905184225210289,-0.0001980643506359506,-0.00012106984518017063,0.00012690068877451601,0.0002832585289797532,-0.00020883017354840649,0.00018490135447058446,8.891734426292893e-05,6.76457047021538e-05,0.000111644359019775,-0.0001438991131072403,0.00017321545844983254,-0.0001228547202768328,8.130923081606193e-06,-5.075119744431108e-05,0.000143778803269003,-0.0002387488848105009,-0.00013625617273601922,0.0003628019679332421,0.00010066696479156008,-9.570188630041183e-05,0.00024325407551489253,-0.0003789358520573924,0.00018686385507191844,0.0002748849414265492,-0.00023647659035491646,7.508421443689687e-05,-1.6450421741633983e-05,0.00015039730121954427,-7.951620767400029e-05,4.961560477524603e-05,-0.00018256148572216749
2,-6.741600499463137e-05,-0.00015551144429217653,0.00017231821023790792,0.000602332054635254,1.1199086583232328e-05,-4.6072242679334305e-07,5.572180017807249e-05,6.369389185480064e-05,-0.00010314982259448535,-6.327612900454878e-05,-9.940525676487896e-05,0.0013545733417329947,2.6356879569335077e-05,-5.9822588011659496e-05,-1.1527119151713371e-08,5.2175392684508995e-05,-0.0001339346808386641,0.00013708462969767678,5.282856345279134e-05,-2.42792879609367e-05,2.1415787570125427e-06,-0.00026199221484920506,-6.130457582780481e-05,1.1349462229644115e-05,-8.93068697994743e-05,-8.899193998599593e-05,-0.00012512608655202378,-3.094465263702434e-05,-5.647219678738817e-05,-0.00014048785161022083,-0.00016715101342641472,2.2844890677142717e-07,0.00013675220403219922,0.0005227077738083672,6.209605418925792e-05,-0.00011021174344687331,-3.6623262081661233e-06,-4.8327952631546536e-05,0.0001957875588937113,-0.00011750005565552626,8.285381759906351e-05,-0.00011577822998887315,-4.3472486483170066e-05,-0.00024993506554117417,0.00034965555643530656,-0.0002085263045899697,6.623596170628942e-05,-0.00012412335380276743,-0.00024534783187251936,-7.630065246353734e-05,-0.00021007464248277245,-0.00014075248939487473,-0.00021080097477031365,-0.00010912348779674347,-7.921003101313148e-05,0.00025019815366623125,-0.0002752905870200833,8.809924727261635e-05,-0.0002108321820475089,1.1925594569985889e-05
20,-2.5307976124990753e-05,1.4509543078849072e-05,-9.838469134981755e-06,0.00026751951069734983,4.90206398496427e-05,0.00027748570948618286,0.0002211040929207867,-0.00022227438811630622,-9.287748243703874e-05,2.0535483785489417e-05,6.643088170387391e-07,2.6356879569335077e-05,0.0014710056246583164,-3.51913691790001e-05,-2.5599626714696034e-06,-3.960225891242619e-06,-5.197382182120979e-05,7.63766239683405e-05,-7.999123009142396e-05,-0.00012219887290525552,7.897125596450313e-05,-0.00014061586342953595,-0.00012554766598515165,1.7703265765117676e-05,-8.40359749013314e-05,-4.789636013532652e-05,1.1065606391308738e-05,-0.0002640099821606886,2.9808365820848115e-05,-7.40064584649879e-05,-5.102054890587751e-06,-8.257190548358536e-05,-6.1299594165987624e-06,6.241811321832466e-05,-7.469603626249571e-05,-0.0004071243781564686,1.5567580700212693e-05,-7.162265694532981e-05,3.895683803781489e-06,-0.0001300006531860548,-1.5535772690549273e-05,-0.00024033668932085028,6.445169333754567e-05,-0.00022831506192883832,-2.9535049692448176e-05,8.757788167803351e-05,-7.03909011698566e-05,0.00017963054132541167,5.7727944252686564e-05,-8.717405895675154e-05,-0.00018911253957100936,-0.00017112528083618831,0.0002198242401979006,-0.0001816804219473731,-6.105720945688371e-06,3.803762542497479e-05,-3.119343397169846e-05,-1.65577400155212e-05,0.00019917566353056616,-6.383745940470788e-05
21,0.00013299438839683983,-0.0001847467503368662,-0.00014634812878386362,-3.100273639497547e-05,2.3238751191027323e-05,0.00014247062279409528,0.00020167454957515244,-0.00011516948435265283,-0.00015741015915259334,-4.772788517673063e-05,0.0001140363514964774,-5.9822588011659496e-05,-3.51913691790001e-05,0.0018590606385777131,-0.00011170914612569463,-0.00026501090533373684,-7.656395646145618e-05,0.00016326594104727713,-0.0001553128983406015,-0.0001669892736922689,-3.7902725812840545e-06,0.0005235968195930203,-3.68807737833331e-05,0.0002723997370957489,-9.948065474805624e-05,0.0007126226621775855,2.5235603231808436e-05,-0.00019037830402391848,0.00012720544992235095,9.030856118692435e-05,-1.1583545394106356e-05,0.0001720715091405663,-0.00012515550935426206,-0.0001364598975357455,2.6921536394311362e-05,0.00011955724407772643,0.00010270832044884752,-0.0001315928054495463,-7.993189145882228e-05,-0.00014241758892015677,-0.0004024070059623711,-3.621541824994601e-05,-1.9375383555342865e-05,3.186293773265832e-05,-5.559418450499377e-05,-0.00039667934693133196,-7.137670804389664e-06,0.0004087164210920828,-0.0003300287983578433,-0.000151609741044557,-0.0003913812344102266,-1.2436656189919736e-05,-9.749231705403206e-05,-0.0002710136451300888,-0.0002345789983804693,-9.846481479815226e-05,-0.0001476339438654649,-1.6288135666050013e-05,-7.891829897268774e-05,7.98407329700871e-06
22,4.769865639478991e-05,-7.217107857063878e-05,-0.00017559202384813082,-0.00013501388944944724,-0.00014107903959633363,-1.3788507002792547e-05,3.174100971311478e-05,-0.0001250905712943094,3.3381388503268955e-05,-0.00032831201363793224,-0.00021863802959561717,-1.1527119151713371e-08,-2.5599626714696034e-06,-0.00011170914612569463,0.0009858780073003148,0.00021447424782654467,0.00015725195394283937,0.00012638310083858443,0.00011496421651116568,0.00029662032764385084,0.00013446783173956685,3.3875497244568258e-06,-0.00024914247131418543,1.8763073848135354e-06,0.00014089293263798002,0.00022217524096063704,-8.979594947790882e-05,-0.00019361097544794563,-9.850905143470544e-05,1.031620836400507e-05,-5.90982436805378e-05,-0.000178396445865334,-0.00015790034642879056,-1.3577040205761862e-05,8.45870540384576e-06,-0.0002815599195083247,-4.4919501059785895e-05,4.4533006003727716e-05,-2.558805048500283e-05,0.00013730071910255385,0.00025094099390161195,-0.0001186226972723863,0.0002269952747460349,-0.00021113581819727663,8.440489195056182e-05,0.0001310251971752529,-6.728441085725667e-05,-0.00015791955876747664,9.455293589259474e-05,1.811514235643599e-06,0.00020959888493231633,-3.08203369236851e-05,-5.382012292942045e-05,0.00012025639101141949,-7.50124547478232e-05,-0.00010994862946244912,-0.0001638215634396331,0.0001250728758573114,-0.00013529031116989355,-0.00011672068211170743
23,-7.452316202836835e-05,-7.488275746757027e-05,-2.3299372731718735e-05,-0.00016336457173531856,7.469369281286125e-05,-1.367115879136505e-05,-1.981641285958703e-05,-8.181603659390024e-06,-5.054347371777609e-05,-0.0003345536968450723,-0.000327725517082291,5.2175392684508995e-05,-3.960225891242619e-06,-0.00026501090533373684,0.00021447424782654467,0.0012936687982988161,7.2322663452033e-05,5.952387259769114e-05,9.00624712739431e-05,0.0004953033013241815,7.630443663967993e-05,4.42703762444968e-05,-8.51566548723152e-05,0.00014690877628610038,0.0003115485266887684,3.4435259004538186e-05,0.00014418026060634308,-4.995098404432883e-05,-3.297724059794683e-05,-1.8908756236876163e-05,-3.612712377868802e-05,-5.505482262356687e-05,-0.0001465308288315496,1.7462751911249325e-05,-1.9399835261319963e-05,-0.00016251943376599726,-0.00020670842737054406,0.00014613984613002785,2.4004911486109848e-05,-4.803034239329467e-05,-9.996623205465583e-05,-0.00022639702886275266,9.616018304560839e-05,-0.00023687052641474128,-0.00014832697643422482,1.8778501722720335e-05,-0.00013763936321347059,-0.00030846661174203834,9.396567779743142e-05,-3.535392687354904e-05,0.0001737024939178411,-5.686708607972665e-05,-4.6151166214788304e-05,-1.9017687288895874e-05,3.1745567266530294e-05,1.044791119116177e-05,-0.000107618951646389,-5.025769811212054e-05,-1.1933115161867812e-05,-1.6516242190087615e-05
24,0.0001521070123580937,-0.00010619262798034187,-6.241853306808961e-05,-0.0002142132269106058,-0.0002117134532950443,-0.00013294093155255201,0.0002253516468090474,-0.00019962569243799972,-7.313979055128351e-05,-0.0004015164108346736,-1.095057277308046e-05,-0.0001339346808386641,-5.197382182120979e-05,-7.656395646145618e-05,0.00015725195394283937,7.2322663452033e-05,0.0009910419641273526,8.881910523564338e-05,1.052057904265074e-05,0.0003793472122344735,0.00014056482247041171,0.00018602624605523998,-0.0002150265056516561,0.0001217817446543368,0.00017310195352451946,8.904214771033538e-05,7.962278757345422e-05,-4.040920154861508e-06,-0.0001487979803121416,8.363610870733661e-05,0.00016802254502989964,4.467263885520969e-05,3.471048555949574e-05,-3.6757075152482718e-06,0.00013410571722412854,-0.00011281956166261261,-4.675560151045712e-05,8.100747163027629e-06,-0.0001247898586831988,0.00019061750494574767,-4.0324984084143535e-05,-0.00013102141306602989,0.00016476930676186463,2.6668492629951134e-05,-0.00031310812375450093,3.2220173328641004e-05,5.423159092592809e-06,-4.962531211268182e-05,6.632641383069577e-06,-8.553777827456073e-05,4.584975207106727e-06,-9.159176503982863e-05,-2.0300942889432807e-05,-4.737123153712619e-05,-4.294091215968176e-05,-2.9267636085602555e-05,3.43058967743676e-05,-0.00021411813927358272,-0.0001607011568660796,-0.0002483730026944418
25,2.7279725776176904e-05,-0.00010264512870821091,-9.800148943381027e-05,-1.4746980383689874e-05,-2.2531456337209297e-05,3.852124425605497e-05,0.0001346770779818079,-0.0001237920970888889,-0.00010672481110896801,-0.00018259961205379803,6.894596213822614e-05,0.00013708462969767678,7.63766239683405e-05,0.00016326594104727713,0.00012638310083858443,5.952387259769114e-05,8.881910523564338e-05,0.0008813084363634849,6.340382075320244e-05,8.895332076818214e-05,0.00010352271331484648,6.798760726109481e-06,-0.00017407877720299276,0.00023810225412703202,5.0694632525598135e-05,2.7977064917587507e-05,0.0001380806432836728,-0.00012625419351173213,-0.00019568953384857315,4.832793607463447e-05,-0.00023432509499157273,4.978783442896003e-05,0.00018801871098317408,-8.111347105027097e-05,4.780658379986246e-05,-8.573592592605879e-05,0.0001355907334292767,1.4798841906599511e-05,-0.00019984161229998537,0.0001659521494787745,-0.00021893583859650608,-0.0001306265659896624,0.00016230356107047449,-0.00017066567978142846,-0.00019605456476869828,-0.00012189429502740894,0.0001362936190760086,3.5319865908425067e-05,-1.7822415736673477e-05,4.9755522514690546e-05,-0.00026368573743621544,-2.4462276212718558e-05,-8.29840466418532e-05,-0.00011919864186467428,-0.0001422533463927897,-0.00010460343618694045,1.204976067504413e-06,-9.549313758473285e-05,-2.828277886511399e-06,-0.00011529082100299903
26,-7.960502556953714e-05,-0.00020970640262296482,-0.00017123609969320263,-3.473543010658759e-05,-0.0001113223658842032,1.3410290907412307e-06,-8.880846497593106e-05,0.00023188140324232394,0.00015480225444136327,-0.00016345848078066705,2.465551677186096e-05,5.282856345279134e-05,-7.999123009142396e-05,-0.0001553128983406015,0.00011496421651116568,9.00624712739431e-05,1.052057904265074e-05,6.340382075320244e-05,0.001001084358409878,9.485623417709281e-05,6.892134801653974e-05,-4.683389466610425e-05,-0.00025968124500971396,-2.037352905792769e-05,5.603410431956659e-05,-6.02664014637074e-05,-5.921022362109295e-05,-0.00010816456159172388,-0.00014979654072546237,4.768345680288965e-05,-0.00015790427492424426,-7.49623817927622e-05,-4.001621612286077e-07,-0.00019834482807392723,-9.096191449400667e-05,0.0001138469669091136,0.00016281090527152085,-5.485565805485737e-05,-2.2098558080534443e-05,0.00010489999260609622,0.00017989793465198758,-5.3284641556628156e-05,0.00010886115991613009,-0.00016004068153370444,-3.46447996551528e-05,1.388181440013311e-05,8.582128950024239e-05,5.033262892331951e-05,7.417956156358408e-06,0.00013407904547858151,-0.00017430724812659407,4.515483237569515e-05,3.6700559420591486e-05,0.0002081088902844812,0.0001384646316744052,-0.00026717692790672145,-0.00018524120952004636,0.00014634817015004033,-7.659684832712951e-05,-0.00020034320561631875
27,-7.879961467334703e-05,-0.00016411641538793348,-2.1733786036984698e-05,-0.0001194500194835586,-0.00022626714933673386,-0.00012045018868062412,8.797570514333941e-05,-0.00020788359682007713,2.6156573015981146e-05,-0.00030141791194439885,-0.00023694406474986161,-2.42792879609367e-05,-0.00012219887290525552,-0.0001669892736922689,0.00029662032764385084,0.0004953033013241815,0.0003793472122344735,8.895332076818214e-05,9.485623417709281e-05,0.001371439544899554,0.00026143897123242517,0.00022986322003417476,-0.00014837979771441945,0.00029310316325924956,0.00032569416936963145,0.00022866337663906414,4.089898184264971e-05,-7.224161299042506e-05,-8.224398138385812e-05,1.4246779990117376e-05,-2.441663047240244e-05,-6.825557286009987e-05,-0.00013098543567898588,-0.00011654280233587242,0.00013531039499368227,-0.00021246792913392573,-0.00017098629982075054,-0.00011591501112699355,-2.592913933277508e-05,0.00024401098960875108,0.00010223237055566399,-0.0001481484214752788,0.00017640283738001327,-0.00021283107164144454,-0.00014033484082806797,-5.456441697928701e-05,-0.0002843481223617358,-0.0002866098036431849,1.5175876741317105e-05,-8.669269704715241e-05,0.00020631448325469026,-1.273936099866621e-05,-0.00016433035255665086,1.8030786468834185e-05,-0.00019778576054366273,-4.1490678375943816e-05,-9.088519733973763e-05,-0.00022316730451248353,-0.0001184584016831916,-0.00011075779606794088
28,-0.00018708779714545482,-0.00015443405952407993,-0.0001247352675256887,-5.8215887758041366e-05,-4.8542343956631206e-05,0.00013017376898837005,5.0019670249000334e-05,-0.00020643132419919156,-3.6814284852372427e-05,-0.00025528161243209326,0.00018005914326762375,2.1415787570125427e-06,7.897125596450313e-05,-3.7902725812840545e-06,0.00013446783173956685,7.630443663967993e-05,0.00014056482247041171,0.00010352271331484648,6.892134801653974e-05,0.00026143897123242517,0.0010956336276784614,9.530906668362553e-05,-9.250514737485705e-05,0.00011949612325517927,-2.695204274712462e-05,4.9777780489013874e-05,4.530293686991405e-05,-0.00016086642275635606,-0.00015144241962812907,-8.21514629827903e-05,-0.00021163705899903911,9.548809277586332e-05,-6.683508225892667e-05,-3.814247430682155e-05,0.00016716532794599777,-0.00019681744980827758,-0.00013956646501521482,0.00018057860064449026,-0.0002768442695800379,0.0001695945628212088,0.00017003116002571936,7.489993928596662e-05,0.0001834906713431172,-9.286983199265018e-05,-8.085084128057008e-05,7.197459127446323e-05,-2.5820320111084443e-05,7.497144308815796e-05,-5.729225141385001e-05,3.808038079074035e-05,-0.00013462471476738652,-2.1521795899892835e-05,-0.00023424265070795183,-0.0002022219376449717,-0.000152201873680054,0.00020408165601979667,-2.620846315153487e-05,-0.00023413225031553085,-9.066317477598746e-05,-0.00019071825045782016
29,-1.951753171342816e-05,-0.00020000328827825606,-2.559829890492944e-05,-0.0002293001578889975,-0.0001294097224700769,-0.0002541021566244716,2.112349412100876e-05,-0.00015824845926467308,-3.3544876703358384e-05,-0.0002015478151717917,-0.0002063773032678021,-0.00026199221484920506,-0.00014061586342953595,0.0005235968195930203,3.3875497244568258e-06,4.42703762444968e-05,0.00018602624605523998,6.798760726109481e-06,-4.683389466610425e-05,0.00022986322003417476,9.530906668362553e-05,0.0014670031736304225,2.4360714799807395e-05,0.00028122921520372504,0.00036727730203810086,0.0002939280117361447,0.00016198136193954532,-0.00014410818231949175,-0.0002548284152357624,9.091258546265087e-05,4.754041517698943e-05,0.00016921839652009408,-0.00013388368310108436,-0.00020926381281029274,0.00011132446463001283,6.653601190256509e-05,-0.00014221201061488886,-0.0001799136666916424,-0.00012993379723918845,3.621582606459884e-05,-5.4318136984180534e-05,0.00020696096772961114,3.234178889019375e-05,-4.046968485445055e-05,-0.0002571347021304342,2.5900941098203987e-05,-0.0001528442135934307,-1.9112507592938038e-05,-5.2207061533666166e-05,-0.00010834475229076938,3.662604339539585e-05,-5.555863536360808e-05,-2.7150421453827233e-05,4.236469345964237e-05,-0.00027135086437721196,5.160719156580707e-05,-3.390396210736506e-05,-0.0002452999734624638,-6.61037532050367e-05,-0.00013867081823126245
3,4.663989810222263e-05,-4.2084390904080805e-05,-9.03183456671189e-06,-0.0001310795809582197,3.2125187708115756e-05,-0.0003353279561281059,-0.0002359939353386936,5.158429297723092e-05,0.0002073160512327009,0.000316208065789675,0.00013744664396620788,-6.130457582780481e-05,-0.00012554766598515165,-3.68807737833331e-05,-0.00024914247131418543,-8.51566548723152e-05,-0.0002150265056516561,-0.00017407877720299276,-0.00025968124500971396,-0.00014837979771441945,-9.250514737485705e-05,2.4360714799807395e-05,0.0012141636069586913,-0.00010935067745040499,-0.00012448351342979179,-0.0002428961955175603,-3.836720159514004e-06,0.00014132367559187224,0.00014983776523594405,-5.7030372780323064e-05,7.505843066067415e-05,0.00016454186017090755,-4.659187163254588e-05,-0.00017366891465230838,-7.203867005056236e-05,0.00013095021033236953,-0.00017041967104696297,-8.115795582616032e-05,3.381491129395644e-05,-0.00017165704970510605,-0.00019240628633998205,0.00011574734234357425,-0.00015815089294838613,0.00013783567534446882,-0.00013689852946447843,-0.00015090816308880272,9.435889991213394e-05,4.170059325402861e-05,2.808820859424481e-05,-3.600627431647907e-05,-0.00017367136854089328,-3.279308551417276e-05,-9.99525321531778e-05,4.2139530398385556e-05,0.0001511268813228572,0.00020662584009822617,0.00013244292354903857,3.283039414602445e-05,0.0002976129332282712,0.00042925952023822704
30,6.42610484838527e-05,-0.00019293976022474193,0.00018307097843571607,-9.016733060194569e-05,-1.1062702072057673e-05,-0.00018226649081699172,0.00026217463571191995,-0.00016741723239703684,-0.00016476379816099057,5.3804300866861835e-05,-0.00022241737436146916,1.1349462229644115e-05,1.7703265765117676e-05,0.0002723997370957489,1.8763073848135354e-06,0.00014690877628610038,0.0001217817446543368,0.00023810225412703202,-2.037352905792769e-05,0.00029310316325924956,0.00011949612325517927,0.00028122921520372504,-0.00010935067745040499,0.0011787245290438564,0.00029887278471186666,2.017373499092045e-05,1.385428341667898e-05,-1.0627449838678775e-05,-0.00019695599573524116,0.00014715754884216372,-9.501252095436606e-05,0.00010286592992538917,0.00010357849955996186,9.602200730709556e-05,-6.3369908134523e-05,-0.00025964435535063093,-6.435818082672096e-05,-0.00032045586327097487,-0.00013459492846362419,0.00014749558672433287,5.395067792233612e-05,-0.0001168650313133509,0.00029847129901157274,-0.00011107313662023105,-0.0003258272141961964,-0.00010152727172669273,-8.4941329211751e-05,-1.4372711971382545e-05,-0.00022316147900958575,-0.00014251574000157736,-0.00014720011207964426,-0.00014563219241416685,-0.00015267183355244587,-0.00012340738207166456,-0.00023908322835506605,0.00024182490462368894,6.291391217079956e-05,-0.0003013173808622018,-2.1021735843936234e-05,-0.0002767708340617285
31,-4.4634706966003114e-05,0.00013102692197872488,2.3071852266533676e-05,-0.000283132078786434,0.00012210179398855774,-0.0001470480024870938,0.0001848287144925545,2.478955495832782e-05,-0.00018811496024861198,-0.0004435772825700554,-0.0002980257564060829,-8.93068697994743e-05,-8.40359749013314e-05,-9.948065474805624e-05,0.00014089293263798002,0.0003115485266887684,0.00017310195352451946,5.0694632525598135e-05,5.603410431956659e-05,0.00032569416936963145,-2.695204274712462e-05,0.00036727730203810086,-0.00012448351342979179,0.00029887278471186666,0.0011578113493038481,-0.0003047425251154936,9.373812577522094e-05,7.373478592242974e-05,4.8256214299454755e-05,0.00012899251099393459,7.929151827189038e-05,0.0001844559768789312,-0.00013214298183525806,2.75540841641191e-05,0.0001206280796505975,-0.00015631616319585452,-0.00010885634003528929,2.3203422077522304e-05,-9.117461839933705e-05,-7.445762737754531e-05,0.00012313947019926052,-2.0649272285602646e-05,8.401981708728975e-05,-0.00016911497609062165,-0.00018411921671274652,0.00020435388295664964,-0.00021595871822824249,-0.00026878276488003557,-1.7938736268735538e-05,-0.00017594361064381155,0.00023813688546995686,-0.0002717449469021255,5.09142688928401e-05,-4.2827096356375585e-05,-9.110011951930959e-05,-5.565246171285023e-05,-0.0001161290097086819,-9.263992554100754e-05,-0.0002481197814767173,-0.00018096290006897
32,-2.199052115071968e-05,-0.0002773318671311224,-0.0002103262515781589,-0.00021787535579702785,-0.00021893809163097346,0.0004274341145046481,0.0002176597798064909,-0.00022656411877350715,-3.6268525518049066e-05,0.0001652757886306602,-0.0005542325169493042,-8.899193998599593e-05,-4.789636013532652e-05,0.0007126226621775855,0.00022217524096063704,3.4435259004538186e-05,8.904214771033538e-05,2.7977064917587507e-05,-6.02664014637074e-05,0.00022866337663906414,4.9777780489013874e-05,0.0002939280117361447,-0.0002428961955175603,2.017373499092045e-05,-0.0003047425251154936,0.0080647925805325,-0.0003614584350419154,-1.3143928131520198e-05,-0.0005757672432643983,-0.00030830267802066646,-0.00013343242175350935,-5.217911685323359e-05,-0.00045683738747337725,-0.00040665514152229986,-0.0001299285013321211,-4.8478868065839824e-05,-0.00018810031037536372,-0.00022823057361691433,-0.0003669707347331967,-0.00018260705604810935,-0.00038544049200125486,-0.00023107977619118563,-0.00014982506573167216,0.0002937341790207181,-0.00030416068341722693,-0.00017753626918562477,-0.00022489560982097282,-2.3267859409693688e-06,-0.0003125429883469848,-0.000516791007302236,-0.00028943626537311347,-0.0003508753532918304,-0.00019558668904963406,-0.0004664201052862524,-0.00027592600223420914,-8.693056338090884e-05,-0.0003968577637878256,-0.00024243783689554543,-2.0899705703390067e-05,-0.00025730969120057925
33,2.49042857566564e-06,-0.00013072331525553217,-0.00027145642043649475,2.9478472734970116e-06,-4.490503315896262e-05,-0.0002188571567933736,6.566607267212848e-05,-5.719071822793904e-05,2.432818188853469e-05,-0.00012231087917081258,0.0004170984873044495,-0.00012512608655202378,1.1065606391308738e-05,2.5235603231808436e-05,-8.979594947790882e-05,0.00014418026060634308,7.962278757345422e-05,0.0001380806432836728,-5.921022362109295e-05,4.089898184264971e-05,4.530293686991405e-05,0.00016198136193954532,-3.836720159514004e-06,1.385428341667898e-05,9.373812577522094e-05,-0.0003614584350419154,0.0008577758540574987,-5.6756072434239335e-05,0.00020142660952970266,-0.00016473806539011644,0.00011693556760343584,0.00014946601772699078,0.00012918034074491303,-0.00017340867511971995,0.00029058945055617517,-0.0002134364511221297,0.00010654997361484429,-0.00016419403302985153,-0.00013203463284407776,-2.0445801720904865e-05,-0.00028340568506768203,-8.877497466037582e-05,-5.507929033651495e-05,-4.354926684335992e-05,-0.00021508303719767292,-0.00012994057653628946,0.00023330660655909727,-2.8814260765171404e-05,0.00014241834227713372,1.129924229672007e-05,-0.00018431194666356947,0.00023298955255641416,0.00022094993087340485,-0.00023111736170953844,6.481674534403214e-05,-0.0003551241327434455,0.0001934765729655479,7.140824610946324e-05,-8.158557682582692e-05,-0.00018240988255418253
34,5.382670138667161e-05,-5.152997717131692e-05,0.00011979827528082165,-0.00012479454990936212,-7.795227223764722e-05,-0.000134249644913906,-0.00013009610573156373,8.409956723513767e-05,0.00010865127028842798,-8.341835226545866e-05,0.00011134297460907963,-3.094465263702434e-05,-0.0002640099821606886,-0.00019037830402391848,-0.00019361097544794563,-4.995098404432883e-05,-4.040920154861508e-06,-0.00012625419351173213,-0.00010816456159172388,-7.224161299042506e-05,-0.00016086642275635606,-0.00014410818231949175,0.00014132367559187224,-1.0627449838678775e-05,7.373478592242974e-05,-1.3143928131520198e-05,-5.6756072434239335e-05,0.001278219224195399,0.00016221051509291782,1.6605546781755497e-05,0.00016020198599997476,0.00020876136910875123,-6.023783874489108e-05,-9.132011998250044e-05,-4.987927791423411e-05,0.0005402513243151108,-0.000269211037412535,0.00025436486748035527,3.8576705086522355e-05,6.734561225722596e-05,7.023857322115095e-05,0.00025141399705017726,-0.00011102007124590129,4.782261941122356e-05,-0.0004896133755145853,-4.736825652929269e-05,-6.613944111488882e-05,0.00010554506667711798,1.7443850903940555e-05,-8.003200543164985e-05,0.00010164348014350588,-0.0003096071479644713,-0.00014482902358439902,-0.0001929002468754691,-0.00011601882525061167,-4.804907627603029e-05,0.00021923570947662203,-0.00023837215353050871,8.581981494341172e-06,0.00010049736263362389
