,1,10,11,12,13,14,15,16,17,18,19,2,20,21,22,23,24,25,26,27,28,29,3,30,31,32,33,34,35,36,37,38,39,4,40,41,42,43,44,45,46,47,48,49,5,50,51,52,53,54,55,56,57,58,59,6,60,7,8,9
1,0.002131441539988835,0.0016950015755019478,0.001592265637661397,0.0015494517576225162,0.0015536755498339956,0.0012790706007298573,0.0012008375776060192,0.0017167730107151133,0.0011587487379505282,0.0016427248196786619,0.0016583055104841021,0.0013948481239520623,0.0011934127266136647,0.0017622092097711705,0.0013068173588285763,0.0012120173767106496,0.0015251019041493804,0.0012249426884503292,0.00121594649120087,0.0011307542214615168,0.0010893739585211826,0.0013422505316728552,0.0017240966602614153,0.0013679347425364587,0.001445326516753181,0.0004945384678006129,0.001495631886451415,0.0017319896245159606,0.001778808800812156,0.0015876880078020152,0.001696738355971954,0.0014555596335753787,0.0015286597853320174,0.0017971794732842216,0.0015350772231637652,0.0018664518986534822,0.0014792611803277438,0.0014610611831133795,0.0016420734847424259,0.001176133939764639,0.0012343716282134823,0.0015295145412331484,0.0011392921961672806,0.0017040702359545576,0.001642904852635971,0.0013601322292982462,0.0014423650797321798,0.0015595843265268855,0.001487726040857447,0.0015267744931980645,0.0013896549810102135,0.0014694137897525124,0.0013105992481462587,0.0016602088985101981,0.0014830977880771585,0.0013505922414764212,0.0016050649891011762,0.0017760346402576812,0.0012857716840798017,0.001770655474845214
10,0.0016950015755019478,0.0027579762990705323,0.0019817126199666237,0.0017985976017544619,0.0018466203453195616,0.001710977122420321,0.001513765206098897,0.001933681688239216,0.001350499002846775,0.0021195203647676394,0.0015707621443301909,0.0015168881907919902,0.001435695418115867,0.0016540071594641206,0.001389576064369184,0.0014128068345442355,0.0014681050762511364,0.0013070910821949366,0.001287146563446315,0.0012517556533630854,0.0013391201816003629,0.0013665183450398727,0.0018345240631979923,0.0013130224566400145,0.0018324815484448828,0.00044480596999881705,0.001566758337118849,0.0018230534547000097,0.002301883279347972,0.0015805420972791423,0.0019506787481636313,0.0016866953290581978,0.0016257221181769938,0.0020134322866120604,0.0018357823897675056,0.002195058261527368,0.0015310963813434963,0.0021067331864816075,0.0017538150162207443,0.001036866720705793,0.0015749379621795988,0.0017914262612736772,0.001175197257419897,0.0016663060966149487,0.0024002340843176737,0.001446151681419424,0.0013398439303071315,0.0016890878465765243,0.0016184707386981767,0.0016848198391255548,0.0019672485941864847,0.0018066345027260772,0.001532043231521457,0.0019489334998846139,0.0017623842437507822,0.001753996019493777,0.0015487151691100857,0.002176897615790776,0.0016658123691919674,0.0022074553523238525
11,0.001592265637661397,0.0019817126199666237,0.0026145938208501627,0.001608085535086137,0.0017772942729276763,0.0015351528769765883,0.0012194281074585241,0.0015488548318617298,0.0011966013150656186,0.0020415153516425487,0.0013044395306905335,0.0016545519470761343,0.0012354130719421797,0.0015038897629732532,0.001109252990789915,0.0012909903734107317,0.0013379262703013513,0.0011207344672416707,0.0011506842471095103,0.0012110947388627284,0.0011685047110950035,0.0013615961029502348,0.0016973558944971964,0.0015136296022673656,0.001532998762500835,0.0003305289881994778,0.0012450666552390913,0.0018285762800588643,0.0020526834567813385,0.0016315563928364339,0.0015607443731365145,0.001582057563629648,0.0016080589733526646,0.0020097255922156255,0.001477228798211749,0.001995703848722307,0.0013329349174912152,0.0018263756704926892,0.001938752753731072,0.0010406002805361464,0.0016664134315541948,0.0018925330462227976,0.0009788089881901261,0.0015001442663234886,0.0019241420813648218,0.0012960313784364775,0.0012044400752030742,0.001519391031554738,0.0010831898366438838,0.0013664539246140515,0.0014711578389650327,0.0013390305405822013,0.0012405218891989875,0.0015452748476296062,0.0013991491920279202,0.001736856452566442,0.0014853891703206974,0.001567744267872465,0.001413004224928456,0.0016205364353743706
12,0.0015494517576225162,0.0017985976017544619,0.001608085535086137,0.0030281258424766557,0.0018493054298073727,0.001323290520711864,0.0013405583552376324,0.002007498673319849,0.0012778766861064885,0.001831612891554443,0.0017710506610904189,0.002130740718683398,0.0015513334334489595,0.001664497513040572,0.0011890887335440832,0.0011884034752825425,0.0012237714943447776,0.0012502898455388257,0.0013256681278462595,0.001155581455973199,0.001286104071446562,0.0011982600641733336,0.0016110417399882652,0.0012786191336980168,0.001273585025802907,0.0003643626775642793,0.0015606237511573248,0.001617346875377361,0.0018966427227126606,0.0013462644235347843,0.001544975061296319,0.001443190278189348,0.002017649120943434,0.001869009527757269,0.001497461312802207,0.0020743337518884194,0.001377299817879308,0.0016795325698798535,0.0018596026166119686,0.0010727568504763996,0.0013879391039721173,0.0018159930767794325,0.0012606584148846048,0.0015288569898058164,0.0020048505786561485,0.0011472836228548476,0.0013244341283612812,0.0014256293745373056,0.0012751623903550023,0.0017133319503870818,0.0014129347008182385,0.001616332439801978,0.001370177317768549,0.0016949282912814057,0.0014362233131107317,0.0018675097553074453,0.0013197184894222327,0.0017827362226925873,0.001337280484916332,0.0018470752395323411
13,0.0015536755498339956,0.0018466203453195616,0.0017772942729276763,0.0018493054298073727,0.0029860241952351066,0.0018411751838593605,0.0012887351062195911,0.002087781693481355,0.0014866489736668448,0.0021945674420515786,0.0017781269342779843,0.001774360743703177,0.0015672391423623643,0.0019528459195665485,0.0014179128731730795,0.0016600731186308599,0.0014604461028875607,0.0014743164853840047,0.0014840751617953038,0.0012836075115871765,0.0015282464965587373,0.0015314957772844336,0.0020086173234290772,0.0015918742657956666,0.0019122434719653048,0.0005972693164174951,0.001749501117337087,0.0018992476445159525,0.0022566697257942986,0.0019397364122990892,0.0018368651092951836,0.0018394227817996277,0.0020617285531639544,0.0018760014700569274,0.0016816849955223515,0.0023371995290391297,0.0016609343158613655,0.002296329041839295,0.002067497697187579,0.0011905107530015648,0.0015669997415164113,0.002140712325881136,0.0012579720976442312,0.0016587453991164882,0.0022793896292455846,0.001238996588917963,0.0016307654587032637,0.001992079163800611,0.0014144876036649616,0.0018949063869118882,0.0016065961325123657,0.0017939215503080747,0.0017142507717737236,0.001745158999743877,0.0019360617137643584,0.0018335916394031186,0.0018478730261225517,0.0024441439627366683,0.001862191079158674,0.0020721501105095907
14,0.0012790706007298573,0.001710977122420321,0.0015351528769765883,0.001323290520711864,0.0018411751838593605,0.002710801661200907,0.0014942665716819626,0.001595993458291771,0.0010156945503800717,0.001485817457957843,0.0013678989498748305,0.0013763040618911745,0.0014114071394818542,0.00168664044731865,0.0011598692323643899,0.001188468404931959,0.0011550001703626272,0.0011532259168656213,0.0012113453968597252,0.0010037058553131497,0.0013228536200715882,0.0010234115916030345,0.0012572949769972675,0.0010366094395781271,0.001258225190472119,0.0008593052855052315,0.0011874665940331893,0.0014584585571974767,0.0020320746500564636,0.0015047393380523066,0.0014432608148395455,0.001309505440464429,0.001415472353223287,0.001448500085927152,0.0013110233289131486,0.001761368229514742,0.001282339964373058,0.0023571235612830825,0.001468533883827485,0.0009698674490362459,0.0012680244205636438,0.0015813980570128746,0.0009273969775611607,0.001586154830832901,0.001804608093971092,0.0010546021583331137,0.001167475383512917,0.0017974328024852363,0.0010445246226520775,0.0013672095177847115,0.0011346812749156306,0.0014282224551815333,0.0011406972653674652,0.0009451371838263983,0.0014787278135029356,0.001281685914698995,0.0011231484502391784,0.0018327149796263916,0.0016087018548760074,0.0014821318476545037
15,0.0012008375776060192,0.001513765206098897,0.0012194281074585241,0.0013405583552376324,0.0012887351062195911,0.0014942665716819626,0.00271609324077528,0.0012967634397806932,0.0008745229201255026,0.0011574064403886478,0.0013593189088783807,0.0012874041981730732,0.0012088817148225575,0.0016004293057727819,0.0010597641198873769,0.0010355430382846158,0.0013672790926161265,0.0011022472501575563,0.0009753808796902498,0.0010669126979120946,0.001096811402498743,0.0011521309845363905,0.0012102345593427157,0.0013349785965926704,0.0014444861404106456,0.0005034721374736602,0.0013279737239391435,0.0013166602273777942,0.0018698664836484715,0.001164041362025697,0.0014409285979503524,0.0012655067453673282,0.0012051374729703604,0.0013508386036779805,0.0013217295851785979,0.0013303895863479372,0.001113540578696711,0.0014312782313736206,0.0014290233739118372,0.0008834627721782659,0.0011604429719353387,0.001140803516742576,0.0010213578079254933,0.0013252565900879264,0.0012993251214949997,0.0010630879017726475,0.0009838852978219447,0.0013013971378242597,0.001178219591208136,0.0010049787233646491,0.0011543668540488453,0.0012011377783388323,0.0011825653172349085,0.0008793734936752713,0.0011225924608376419,0.0013174644089039163,0.001020707268858857,0.001524187114952579,0.0010581784760598928,0.0014275484490902561
16,0.0017167730107151133,0.001933681688239216,0.0015488548318617298,0.002007498673319849,0.002087781693481355,0.001595993458291771,0.0012967634397806932,0.0027853420030285797,0.0014357745297454705,0.0017907806182083609,0.0019189813494789633,0.0017834753182226673,0.0012480427796669343,0.0017706312944847703,0.0013857193907085307,0.0015285232339495235,0.0014234766695324227,0.0013319591016843137,0.0017782527222309835,0.0012561319726323308,0.0013318897096759527,0.0014562275969223315,0.001977946748447534,0.0013873311507337305,0.0017725004457783346,0.000543715845276964,0.001689630292828781,0.0020090598714583726,0.0022800137335466913,0.0016949326463143529,0.0019168955882104604,0.0017302171905265202,0.0017527504898983478,0.0017401449672470191,0.0016288329438536896,0.0022848014011978704,0.0016769235153334598,0.0021285154353109367,0.001934254503680823,0.0012081899627218763,0.0016537257573880633,0.001967863690869316,0.0012836780896644173,0.0019369539895125046,0.001962443055916568,0.0014572863862060575,0.0015487491819284858,0.001856371010296841,0.0016597922842129299,0.0017730229951436948,0.001859325978301316,0.0019157775229232368,0.0015535216225433309,0.002062319624346747,0.002041978913128944,0.0019069339346680107,0.001600498290401086,0.0021983242956536116,0.001656459454572509,0.0021200361675125143
17,0.0011587487379505282,0.001350499002846775,0.0011966013150656186,0.0012778766861064885,0.0014866489736668448,0.0010156945503800717,0.0008745229201255026,0.0014357745297454705,0.0025184499739441977,0.0014850469331876585,0.0016163663031546972,0.0011216504981296606,0.0008905754010740521,0.0012353429506872684,0.0010563960294159727,0.0010015278410479885,0.0010646514701939775,0.0008565270415246018,0.0012143539772867223,0.000999118474414269,0.0010034947132323904,0.0010934230577513066,0.0016501569913618158,0.0009037799394851443,0.0010654532499136174,0.0002446982975998574,0.0012792529824252115,0.0015518927113352843,0.0016570762210336122,0.0011662136112939496,0.0012431224810905998,0.0012479978956262496,0.0012321403448277723,0.0012638049666504158,0.0014650459338965472,0.0017388268382840077,0.0010918555987799168,0.0012404916200299749,0.001156762806829572,0.0008267056956698625,0.0011262337810509799,0.0014403820244126035,0.0008855125270301566,0.0014766170305539237,0.0016942106630028696,0.0008031871970450024,0.0011838018900051615,0.0012273776448974672,0.001063734482349715,0.001247582188133273,0.0010665798677041388,0.0013169185061377557,0.0011565354052905205,0.0013705772384025115,0.0012552140168403093,0.001203092900764949,0.0012491290544625845,0.0015058985496214654,0.0014911470052786965,0.001671932400748027
18,0.0016427248196786619,0.0021195203647676394,0.0020415153516425487,0.001831612891554443,0.0021945674420515786,0.001485817457957843,0.0011574064403886478,0.0017907806182083609,0.0014850469331876585,0.003574395853985074,0.0016855793274468895,0.0016143017718145464,0.0014529185149733934,0.0017967099332899428,0.00114455242193471,0.0011655893820640523,0.0011849660729002017,0.001230921752208213,0.0013457010699786478,0.0011225002309585758,0.001237955708345463,0.0013744893302556458,0.0022067208105676873,0.0015710781772055337,0.0012620385136244327,0.000896169123920413,0.001584579204475708,0.0018071250335155039,0.0022513128879809853,0.0015307770901852626,0.0018345477562779402,0.0016702851114480449,0.0018071194193087722,0.0016744253074063248,0.0018069600257555136,0.0020151373128088758,0.0017569667889395563,0.001485596368816498,0.002031246542686419,0.0010222351929595245,0.0015541849540887842,0.0018493816067231164,0.0011693532945312255,0.0019511697681077523,0.0024125615661979923,0.001180354310249402,0.0014942715620166762,0.0018521006548607875,0.0014765100463887339,0.0017897917493495128,0.0015994190903346357,0.001983602457456629,0.0016068381015327381,0.0021000299584821506,0.0017528147699663076,0.001878589568170191,0.00183563600812739,0.0022646713775036843,0.0017807937538006264,0.00200027034342701
19,0.0016583055104841021,0.0015707621443301909,0.0013044395306905335,0.0017710506610904189,0.0017781269342779843,0.0013678989498748305,0.0013593189088783807,0.0019189813494789633,0.0016163663031546972,0.0016855793274468895,0.0034453040871519082,0.0015934391347873853,0.0014481961053330256,0.0019735712728571443,0.001269454896785437,0.0011875278512493558,0.001590536551993116,0.001497288194641874,0.001549208204708379,0.0012020846492474008,0.001688090318275313,0.001384628027404486,0.002043115431551296,0.0013098503729777804,0.0014225474626024485,0.00019174707988986244,0.0021393337025780936,0.0020170145701436,0.002504781662228467,0.0015452552001140503,0.0017943919400695073,0.001910663994157503,0.0021170151119249774,0.0016027549730065782,0.0019678891943037662,0.002105511196054405,0.0016978114215029207,0.002150934972562111,0.001792240735137118,0.0015451181281093975,0.0015927672153352756,0.0018874200122226716,0.0013153265005727464,0.0018627618078414269,0.0017534646930513292,0.0012941857323699314,0.0019480724151045984,0.0019496045400612205,0.0014841743901847864,0.0020633420818043464,0.001315585959525859,0.0019775432029078117,0.001843799382218643,0.0015449340276185617,0.0018524188404347366,0.0016700197460035031,0.0018662470272624884,0.0019629663855923393,0.0016883167717988228,0.0017393338803719021
2,0.0013948481239520623,0.0015168881907919902,0.0016545519470761343,0.002130740718683398,0.001774360743703177,0.0013763040618911745,0.0012874041981730732,0.0017834753182226673,0.0011216504981296606,0.0016143017718145464,0.0015934391347873853,0.002845645412196962,0.0012773678173198266,0.00159913658060286,0.0012910131542443822,0.0013719192677014973,0.0012722221507131591,0.001364696474338853,0.0013805299353011695,0.001215947221636826,0.0013064068952528434,0.0011319292645490518,0.0016498388073387727,0.0013477792565685213,0.0014300152392006014,0.00045883400610923424,0.0013982604993935438,0.0016818343445315885,0.0020145539201409405,0.0014139286157277937,0.0015465329629783412,0.0015821547731956756,0.0017744351491593114,0.0021362789985190436,0.0016510198552997205,0.001707740715824569,0.0014250450789352843,0.0017944028181549605,0.0019343566488925306,0.0010572922584218439,0.0015994624127213459,0.0015682568304195806,0.001124697680229755,0.0012688135613675288,0.002150709263320362,0.0010256967127148942,0.0014523938194040708,0.001530064816802617,0.0011369662729523791,0.0015397336572398235,0.0012773641610047844,0.0014591504227752315,0.0011618857164810393,0.0014718983307923966,0.0014951793493339428,0.0017425321141196267,0.0012418046446381079,0.0019321841525563263,0.0012205896194323516,0.0017370848858435585
20,0.0011934127266136647,0.001435695418115867,0.0012354130719421797,0.0015513334334489595,0.0015672391423623643,0.0014114071394818542,0.0012088817148225575,0.0012480427796669343,0.0008905754010740521,0.0014529185149733934,0.0014481961053330256,0.0012773678173198266,0.002473370337895644,0.0013825114537252164,0.0010401646037834927,0.0010648442718026857,0.0011038496345313288,0.001064056083048534,0.0009978597934614077,0.0008739765019157963,0.0011493261267076513,0.0010062318521689407,0.0013331196620918516,0.0011050912090771656,0.0011957209394586835,0.0002543969338673093,0.001289762473007784,0.001193758687806868,0.0018506416845563386,0.0012172646216502012,0.0014688393113450543,0.0012598750170746459,0.0013819419925692102,0.0014335362735497408,0.0012630956832824537,0.0011666445231824556,0.0012024148236715586,0.0015219154442709022,0.001499053945699042,0.0007971725099443569,0.001257521130224578,0.0011942727945429472,0.0009871301619023914,0.0010500044093928135,0.0015111340702194031,0.001071303067824034,0.0010715148708579302,0.0015828131733711445,0.0011923869445605987,0.0012954375026111768,0.0010687094124600149,0.001169440428338984,0.0013441275381452778,0.0011597497549979772,0.0013330220708590947,0.001276077027726411,0.0012407792059429346,0.0015857499539672663,0.001400955245092587,0.0014132020936318246
21,0.0017622092097711705,0.0016540071594641206,0.0015038897629732532,0.001664497513040572,0.0019528459195665485,0.00168664044731865,0.0016004293057727819,0.0017706312944847703,0.0012353429506872684,0.0017967099332899428,0.0019735712728571443,0.00159913658060286,0.0013825114537252164,0.003685238205885861,0.0013459423690566658,0.0012211946324449474,0.0014956558713270754,0.0015589722681874695,0.001338936598845536,0.001240221538272196,0.0014688990488030546,0.00208428817015402,0.0018402253627811352,0.0017751860442490708,0.001587438820954766,0.0014275177264911594,0.0017154248862822695,0.0016877573007681923,0.0023638546450202988,0.0018093457271068571,0.0018696617287682754,0.0019217603900302666,0.001678748833119094,0.0016438644255543989,0.0017815769720843295,0.0021045471883866067,0.0016991019239440595,0.0018772221182238123,0.0018257606296056658,0.0011993387871786652,0.0012813347643986295,0.0018139896808111722,0.0013158425549735795,0.0017178153532360003,0.001910390902873757,0.0010041969135788028,0.0015463033472579136,0.0022288894527846353,0.001219246548576275,0.0016321445289850783,0.001265070252794952,0.001752825390232356,0.0014415949606997821,0.0014770915463993056,0.0015081286797784138,0.0015594927594014465,0.0015365089492188502,0.00199445746013325,0.0015219212623960976,0.0018994348045999463
22,0.0013068173588285763,0.001389576064369184,0.001109252990789915,0.0011890887335440832,0.0014179128731730795,0.0011598692323643899,0.0010597641198873769,0.0013857193907085307,0.0010563960294159727,0.00114455242193471,0.001269454896785437,0.0012910131542443822,0.0010401646037834927,0.0013459423690566658,0.0020692200691180694,0.001323913101799494,0.0013538936014673175,0.0011534892284517032,0.001233552196710404,0.0013330139506763797,0.0012440280638410853,0.0011905572261375224,0.001250187026243723,0.0011297884376989308,0.0014605753559379887,0.0005646612968104739,0.001229356960398653,0.001305226989736227,0.0017633041447258308,0.0013434001435463725,0.0014549525922528408,0.0012040901827734328,0.0012704868167311633,0.0013975204921446373,0.0013865048776457573,0.0013323208186027764,0.0011821440326361264,0.0016789863187765504,0.0015091877432272752,0.0011047774927754534,0.0015640972742129479,0.0013567000397102147,0.0011897653199226545,0.0011071180496533388,0.0016668853177598797,0.0011554295236698984,0.0011148984272959066,0.001286147793733716,0.0012696448480984369,0.0014238193831927774,0.0015064553398622654,0.0013512181732078055,0.001110830244899659,0.0015016786091927457,0.0013032570464170928,0.0011690249454033939,0.001148202757629046,0.0017669011817002874,0.0011057209091553505,0.0014011832172033001
23,0.0012120173767106496,0.0014128068345442355,0.0012909903734107317,0.0011884034752825425,0.0016600731186308599,0.001188468404931959,0.0010355430382846158,0.0015285232339495235,0.0010015278410479885,0.0011655893820640523,0.0011875278512493558,0.0013719192677014973,0.0010648442718026857,0.0012211946324449474,0.001323913101799494,0.002428765895521008,0.0012945837930999952,0.0011161534927982603,0.0012343371830727226,0.0015590531784634657,0.001217056889911583,0.0012583181134985391,0.0014391290010582578,0.0013008030443516674,0.0016604500966293674,0.00040410206984347355,0.0014899429815852833,0.0014728032000461111,0.001853916207761829,0.001335392185038164,0.0015065729480189844,0.0013562960451121435,0.0013078376521758323,0.0014567069896589643,0.0013840638753087212,0.0014787779426714545,0.0010484370285016521,0.0018060054189473524,0.001587718429006859,0.0009460325619112103,0.001240999830364551,0.001274768255238984,0.0010862362272497435,0.001109807210423003,0.0014560538177732024,0.0010687022353329594,0.0010720625487240366,0.0011606084327159124,0.001295593232623658,0.0014169787328271507,0.0015027677268939976,0.00134777981874433,0.001144602385013076,0.0013907788347317176,0.0014410765663282342,0.0013134346709438819,0.0012322119541586646,0.0016202275613699344,0.0012614535467776675,0.0015271786137387592
24,0.0015251019041493804,0.0014681050762511364,0.0013379262703013513,0.0012237714943447776,0.0014604461028875607,0.0011550001703626272,0.0013672790926161265,0.0014234766695324227,0.0010646514701939775,0.0011849660729002017,0.001590536551993116,0.0012722221507131591,0.0011038496345313288,0.0014956558713270754,0.0013538936014673175,0.0012945837930999952,0.002300137043012576,0.0012306523850822975,0.0012425474725454983,0.0015295080992453346,0.0013657636993360763,0.0014864313462483881,0.0013966833865631703,0.0013623424560976994,0.0016075319439767801,0.000545218069058175,0.0015125286561266536,0.0016063582107685255,0.0018248327290224457,0.0015268840239497279,0.0017970501831803703,0.001542185328140633,0.0015761080932630146,0.0015204352308603325,0.0016240734675207805,0.0016148002715536806,0.0012954983032357806,0.0017554877541912817,0.0015232093246193396,0.0012714600639464444,0.0013867332946893083,0.0014565444520383366,0.0012410983230789433,0.0014590389128791815,0.0013805166802994134,0.001169792146243853,0.0013016549903108353,0.001506550585950437,0.0012953594545521765,0.0014519422840690457,0.0014185238031625908,0.0014012937606432783,0.0012571783794504577,0.0014480280508158503,0.0014507452557645125,0.0013620228152621682,0.0014604848264581998,0.0015410595624093357,0.001197515032034906,0.0013824035743820549
25,0.0012249426884503292,0.0013070910821949366,0.0011207344672416707,0.0012502898455388257,0.0014743164853840047,0.0011532259168656213,0.0011022472501575563,0.0013319591016843137,0.0008565270415246018,0.001230921752208213,0.001497288194641874,0.001364696474338853,0.001064056083048534,0.0015589722681874695,0.0011534892284517032,0.0011161534927982603,0.0012306523850822975,0.0018472081302741224,0.001127624627854459,0.0010651248012603764,0.001145231445868513,0.0011374583954599444,0.0012736879855875353,0.001310567339325739,0.0013066140152240815,0.00031253664237875943,0.0013964297573426869,0.0013220276363561506,0.0016093435362820598,0.0013377613039763645,0.0012152575442038781,0.001367889449906347,0.001562887924326149,0.0012680539311796615,0.0013734039934554635,0.001468521614972253,0.0013009295032310412,0.001592421471190887,0.0012768921011739969,0.0010776730974955018,0.001034200080441871,0.0012887768787723645,0.001067430350928682,0.0010837208590684891,0.0013398262908513113,0.0008489805072580159,0.0012588920389289063,0.0014244498293606693,0.0011013483509613516,0.0014012557004171487,0.0009611429696162011,0.0013109032575131575,0.001025970258759732,0.0011965692547741727,0.001170271394442753,0.001123819958974688,0.0012561862819636968,0.0014855596978398404,0.001165931918022686,0.0013445399909707933
26,0.00121594649120087,0.001287146563446315,0.0011506842471095103,0.0013256681278462595,0.0014840751617953038,0.0012113453968597252,0.0009753808796902498,0.0017782527222309835,0.0012143539772867223,0.0013457010699786478,0.001549208204708379,0.0013805299353011695,0.0009978597934614077,0.001338936598845536,0.001233552196710404,0.0012343371830727226,0.0012425474725454983,0.001127624627854459,0.002154255758196856,0.0011674800537591367,0.001216942120781624,0.0011761629040798504,0.0012740178824106518,0.0011430486595586154,0.0014130494233788517,0.0003180959624171344,0.0012957771524026768,0.0014248598550641596,0.0017477704795060519,0.0014133700167538795,0.0013929823952295143,0.0013444895139937286,0.00146272929087835,0.0012503098965958653,0.0013220448480573065,0.0017639306582150703,0.0014258148183624194,0.0016147035339833084,0.0015500637383565525,0.0011078221209682912,0.0015294734431876714,0.0014579120723894326,0.0011076167229761588,0.0011953741497765275,0.0015805860222791242,0.0010728878979642511,0.0013041394387994566,0.0015296806731894006,0.0012177764534088528,0.0015942554103996343,0.0011611566616344467,0.0014607132719135151,0.0012367292715390024,0.0016270155777461646,0.0015549506293604403,0.0010454036834967118,0.0011625248971506238,0.0018253948853640732,0.0012033153767999952,0.0013532329495345187
27,0.0011307542214615168,0.0012517556533630854,0.0012110947388627284,0.001155581455973199,0.0012836075115871765,0.0010037058553131497,0.0010669126979120946,0.0012561319726323308,0.000999118474414269,0.0011225002309585758,0.0012020846492474008,0.001215947221636826,0.0008739765019157963,0.001240221538272196,0.0013330139506763797,0.0015590531784634657,0.0015295080992453346,0.0010651248012603764,0.0011674800537591367,0.0023587408385392795,0.0013167986691013957,0.001369251888119497,0.0013061701810370616,0.0013741856507526406,0.0015938043790671224,0.0005229051015225558,0.0013115140297062621,0.0013826840880491109,0.001732749286965022,0.0013074315049949362,0.0014384695160661318,0.0012629035663330455,0.0012513558984521016,0.0012438836863442537,0.001467800374679951,0.0013524855983066636,0.0010063846313957305,0.001471847256204886,0.0014587012041340373,0.0011643372804881758,0.001365974026478577,0.001280091764082785,0.0010908561892799084,0.0010543982035225157,0.0014010705964009643,0.0009242350812018293,0.0008488379492317495,0.0011114684458141978,0.0011431852876171824,0.0012811164136416547,0.0014473603285613578,0.0013274692123399086,0.0009534363079596661,0.0013478804296227194,0.0011269743423032916,0.00119387826344638,0.0011727121065549587,0.0013681175046915332,0.0010664738090197798,0.0013596951060654344
28,0.0010893739585211826,0.0013391201816003629,0.0011685047110950035,0.001286104071446562,0.0015282464965587373,0.0013228536200715882,0.001096811402498743,0.0013318897096759527,0.0010034947132323904,0.001237955708345463,0.001688090318275313,0.0013064068952528434,0.0011493261267076513,0.0014688990488030546,0.0012440280638410853,0.001217056889911583,0.0013657636993360763,0.001145231445868513,0.001216942120781624,0.0013167986691013957,0.0022085970919464093,0.0013070060298271816,0.0014405716649432197,0.001274522661218874,0.0013045262820624347,0.0004145883390197246,0.0013838467792721147,0.00137441964105772,0.0017368167469795008,0.001300512614794742,0.001314233501163938,0.0014896044012172828,0.0013911884605013111,0.0013880070401200365,0.0015765970933627883,0.0014367208718682703,0.0011040343631120945,0.0018413512586701794,0.0012770510916109198,0.0011631472218047133,0.0015017847155741944,0.0015768482423044866,0.0011686663268728062,0.0012378550868214105,0.0015466240484411549,0.001127118267279101,0.0011761630029259256,0.0015482608795610781,0.0011439097148390942,0.001461004598926594,0.001159012896243411,0.0014041942753498277,0.0009569404549159937,0.0011892829398255076,0.0012323840834945411,0.0015196144162459412,0.0013084689522487201,0.001423339568736428,0.0011468880751859217,0.0013512954505117678
29,0.0013422505316728552,0.0013665183450398727,0.0013615961029502348,0.0011982600641733336,0.0015314957772844336,0.0010234115916030345,0.0011521309845363905,0.0014562275969223315,0.0010934230577513066,0.0013744893302556458,0.001384628027404486,0.0011319292645490518,0.0010062318521689407,0.00208428817015402,0.0011905572261375224,0.0012583181134985391,0.0014864313462483881,0.0011374583954599444,0.0011761629040798504,0.001369251888119497,0.0013070060298271816,0.0027580003055197415,0.001628372028908199,0.0015128793764061198,0.0017896234974722162,0.0007400842894988108,0.0015838383059265384,0.0014591279134896875,0.0017097091866780188,0.0015294713533203898,0.0016640560860303076,0.0016542382445350469,0.0013990346343263952,0.0013040381000588722,0.0015936251103428256,0.0017836350924468598,0.0011882005075805906,0.0015578561337936756,0.0015085426098626654,0.0011078049454634553,0.0013620518094654803,0.0017856349483682827,0.0010988318314144173,0.0013799639934343228,0.0014304651260291941,0.0011548495450492623,0.001132701209904492,0.0015284357725052784,0.0012270691220830458,0.001414709793487784,0.0014351734761137518,0.0014315835511280698,0.0012412675104607922,0.001525315525443513,0.0012096034231777438,0.0014353947888216378,0.0013823810877798797,0.0014993520231604263,0.0012766136803713808,0.0014821978173713826
3,0.0017240966602614153,0.0018345240631979923,0.0016973558944971964,0.0016110417399882652,0.0020086173234290772,0.0012572949769972675,0.0012102345593427157,0.001977946748447534,0.0016501569913618158,0.0022067208105676873,0.002043115431551296,0.0016498388073387727,0.0013331196620918516,0.0018402253627811352,0.001250187026243723,0.0014391290010582578,0.0013966833865631703,0.0012736879855875353,0.0012740178824106518,0.0013061701810370616,0.0014405716649432197,0.001628372028908199,0.003127405055173287,0.0014343436603020594,0.0016156865327987624,0.0005171271345917166,0.0017328908530386594,0.0020527534031483914,0.00242669204963501,0.0016846092859464743,0.0020092414309277684,0.0019674364101898104,0.0017970862056889778,0.0016567060465664568,0.001720701671757231,0.002162958397327459,0.001475681113723934,0.0019686039607512223,0.00198773977353019,0.001212371511823205,0.0015392512595489413,0.0020067357063437118,0.0012222496234223588,0.0018760735566811888,0.0018552607737492965,0.0012884350814956686,0.001694690267373476,0.001900468804802459,0.0016195794972965415,0.0018092171164234925,0.0015485143186569593,0.0017598907035544457,0.0014807414838473375,0.0018439033143132222,0.00195232069747073,0.0018983135501392794,0.0018621475882185869,0.002094160304904165,0.001964150030824531,0.0023631739765630163
30,0.0013679347425364587,0.0013130224566400145,0.0015136296022673656,0.0012786191336980168,0.0015918742657956666,0.0010366094395781271,0.0013349785965926704,0.0013873311507337305,0.0009037799394851443,0.0015710781772055337,0.0013098503729777804,0.0013477792565685213,0.0011050912090771656,0.0017751860442490708,0.0011297884376989308,0.0013008030443516674,0.0013623424560976994,0.001310567339325739,0.0011430486595586154,0.0013741856507526406,0.001274522661218874,0.0015128793764061198,0.0014343436603020594,0.0023508025240285145,0.0016635335704760377,0.00040746543487569164,0.001377715221815913,0.001531938444436059,0.0017081836543779098,0.00152337138300459,0.001464212378229171,0.001530552525038217,0.0015767358336928013,0.001551003594427442,0.0013587972757780375,0.0013989864935265322,0.0012083033402127876,0.0013582316500181629,0.0014444488940566342,0.0011597021233437364,0.0014118582599493056,0.0014021334062802875,0.0013059842131969987,0.0012518796749335162,0.0013002762956095195,0.0009675971851440032,0.0011420817053591856,0.0014734488744345385,0.0009968014183573538,0.001324874979206992,0.001195982178837084,0.0012797521625188568,0.001056401692673596,0.0013024824801351597,0.0011846595550562456,0.0015652688374522114,0.0014201271443153405,0.0013849889278959567,0.0012661547018518375,0.0012851505717420685
31,0.001445326516753181,0.0018324815484448828,0.001532998762500835,0.001273585025802907,0.0019122434719653048,0.001258225190472119,0.0014444861404106456,0.0017725004457783346,0.0010654532499136174,0.0012620385136244327,0.0014225474626024485,0.0014300152392006014,0.0011957209394586835,0.001587438820954766,0.0014605753559379887,0.0016604500966293674,0.0016075319439767801,0.0013066140152240815,0.0014130494233788517,0.0015938043790671224,0.0013045262820624347,0.0017896234974722162,0.0016156865327987624,0.0016635335704760377,0.0027048234017318126,0.0002715338029115305,0.0016449125710918965,0.0018151757997840322,0.002146485174971024,0.0017129608650516299,0.0018207543579576901,0.001794258027845389,0.001534460491742449,0.0016677320189226134,0.0017377387237992245,0.0016896074604510034,0.0013486474396054212,0.0018941303419916474,0.0016751056364111055,0.0011291380546429412,0.001667752781528465,0.0016911802144937242,0.001280555154409798,0.001376740513202398,0.0016465550816868607,0.0014679076729744475,0.0011985720023070764,0.0014134108849252758,0.0013933927562639055,0.0014663982293383524,0.0017529130577165334,0.0013574769587003145,0.0014518670235890137,0.0015647091546547743,0.0015108262087951464,0.0014659866175894167,0.0014299195153116477,0.0017784136492658678,0.0012108569337692823,0.0015720282689329335
32,0.0004945384678006129,0.00044480596999881705,0.0003305289881994778,0.0003643626775642793,0.0005972693164174951,0.0008593052855052315,0.0005034721374736602,0.000543715845276964,0.0002446982975998574,0.000896169123920413,0.00019174707988986244,0.00045883400610923424,0.0002543969338673093,0.0014275177264911594,0.0005646612968104739,0.00040410206984347355,0.000545218069058175,0.00031253664237875943,0.0003180959624171344,0.0005229051015225558,0.0004145883390197246,0.0007400842894988108,0.0005171271345917166,0.00040746543487569164,0.0002715338029115305,0.0076658661320968624,0.00021545237264315023,0.0007466923374642644,0.000544975975183472,0.0002880552258579418,0.0006370527592015818,0.0005867487631785463,0.00023161183377470951,0.0002616085217771375,0.0005085349795350789,0.0008234561307661936,0.0002963487383027229,0.0006651949876120347,0.0004261250097494991,4.417209478629996e-05,0.00018557860688654977,0.0005034018511864728,7.16058148677644e-05,0.0008686439859818716,0.0005406638498982996,0.00010692544297730678,0.00021529257320420243,0.0007013261694800779,0.0001218031175915615,0.0001597713401200034,0.00026139707409807535,0.0002933964760414056,0.00022841428148794802,0.0001710953030720362,0.0003582658690757222,0.00045315842054949123,0.0001739928822309258,0.0006570010588540576,0.0004739311019543253,0.0005191210915517999
33,0.001495631886451415,0.001566758337118849,0.0012450666552390913,0.0015606237511573248,0.001749501117337087,0.0011874665940331893,0.0013279737239391435,0.001689630292828781,0.0012792529824252115,0.001584579204475708,0.0021393337025780936,0.0013982604993935438,0.001289762473007784,0.0017154248862822695,0.001229356960398653,0.0014899429815852833,0.0015125286561266536,0.0013964297573426869,0.0012957771524026768,0.0013115140297062621,0.0013838467792721147,0.0015838383059265384,0.0017328908530386594,0.001377715221815913,0.0016449125710918965,0.00021545237264315023,0.0024122930736335084,0.0016807811572808183,0.0023003110137663147,0.001410568794948014,0.0018633774612021444,0.0017640601648531151,0.0017936782035548682,0.001470628160106129,0.0019055453659104465,0.0016345711721396285,0.001566871608144501,0.0017070139090198232,0.00163437467471025,0.0011822391218193461,0.001263242240535411,0.0016225050423833492,0.001141925664875065,0.001507543163131114,0.0016087613482085425,0.0011310886988633953,0.0016493612578437772,0.0016524974491613645,0.001552746869931097,0.0016638501288266604,0.0013403739823173182,0.0018552806596017525,0.0016215574007637835,0.0013832608201133053,0.0016722016829653894,0.001162655240239227,0.0017390024298354085,0.0019457286933260258,0.0013867847591352456,0.0015716475489425522
34,0.0017319896245159606,0.0018230534547000097,0.0018285762800588643,0.001617346875377361,0.0018992476445159525,0.0014584585571974767,0.0013166602273777942,0.0020090598714583726,0.0015518927113352843,0.0018071250335155039,0.0020170145701436,0.0016818343445315885,0.001193758687806868,0.0016877573007681923,0.001305226989736227,0.0014728032000461111,0.0016063582107685255,0.0013220276363561506,0.0014248598550641596,0.0013826840880491109,0.00137441964105772,0.0014591279134896875,0.0020527534031483914,0.001531938444436059,0.0018151757997840322,0.0007466923374642644,0.0016807811572808183,0.0031873328610006785,0.0024379491187765914,0.0017541332578010238,0.0020962359827711046,0.002013387134312686,0.00178225657998795,0.0017389712879846704,0.0017408263152920015,0.0025724765625620895,0.0013784271643688293,0.002303782837497199,0.0019913592074858144,0.0014506218214863623,0.0018021642855793436,0.002141086876623176,0.0012689912607524278,0.0017871980333927743,0.001499649470408501,0.0013909310632089144,0.0015345087281267834,0.0019629930204736684,0.001608453891493916,0.001768358885107448,0.0018278029593593345,0.0014796591832430884,0.0014349348786843082,0.0016103402027490765,0.001686779686730343,0.0016419272089065176,0.001948719069796919,0.0018228119287210763,0.0016790418512682705,0.0020341263238662045
35,0.001778808800812156,0.002301883279347972,0.0020526834567813385,0.0018966427227126606,0.0022566697257942986,0.0020320746500564636,0.0018698664836484715,0.0022800137335466913,0.0016570762210336122,0.0022513128879809853,0.002504781662228467,0.0020145539201409405,0.0018506416845563386,0.0023638546450202988,0.0017633041447258308,0.001853916207761829,0.0018248327290224457,0.0016093435362820598,0.0017477704795060519,0.001732749286965022,0.0017368167469795008,0.0017097091866780188,0.00242669204963501,0.0017081836543779098,0.002146485174971024,0.000544975975183472,0.0023003110137663147,0.0024379491187765914,0.00456910493437553,0.001980296336971058,0.0026845142885221123,0.0022378909207473765,0.002397975560917429,0.0019256081193614375,0.002469568709869696,0.002219942310049198,0.00210743032670058,0.00274346828678183,0.0025804091857538425,0.0016662208872016038,0.002247550895755259,0.002017335086683257,0.001213280877718823,0.0018422578868006576,0.002428315207421064,0.0015871202920336156,0.0015924240271272866,0.0021724879422205553,0.0018760935831524008,0.002114959882937284,0.0021921556840135206,0.0023751063809097504,0.001921842429156112,0.00207296454007183,0.002177099349138247,0.0017142039900965836,0.0020264230570715544,0.002587476849567382,0.0022657537045611235,0.002162653462472144
36,0.0015876880078020152,0.0015805420972791423,0.0016315563928364339,0.0013462644235347843,0.0019397364122990892,0.0015047393380523066,0.001164041362025697,0.0016949326463143529,0.0011662136112939496,0.0015307770901852626,0.0015452552001140503,0.0014139286157277937,0.0012172646216502012,0.0018093457271068571,0.0013434001435463725,0.001335392185038164,0.0015268840239497279,0.0013377613039763645,0.0014133700167538795,0.0013074315049949362,0.001300512614794742,0.0015294713533203898,0.0016846092859464743,0.00152337138300459,0.0017129608650516299,0.0002880552258579418,0.001410568794948014,0.0017541332578010238,0.001980296336971058,0.002537126601667603,0.00190428533735392,0.0016871949736866332,0.0017591218108419164,0.001659665714213948,0.0014340598951011062,0.0017956589870399913,0.0015778763719399508,0.0018492638962715414,0.0017494391338987883,0.0012419782200758249,0.001494965185408735,0.001709684648889649,0.0012338414863894097,0.0015674841435793466,0.0015683535245324043,0.0012760662375901886,0.0015231841843144642,0.0018059170755866107,0.0014409626231089844,0.0016380536554425097,0.0015561402223942152,0.001438118156803838,0.0013559987176394628,0.001707226280730812,0.0019086812631698821,0.0014645510574238171,0.001532088217429292,0.002076829258774539,0.001582163401651397,0.0017335389383103922
