1.000000000000000000e+00 4.583166645397016015e-01 3.038097931672864571e-01 3.971429610264951560e-01 3.519308624922138362e-01 2.484858775914796924e-01 6.119021656237680906e-01 3.103040052588781350e-01 3.523594811709996333e-01 2.726860783634890706e-01 3.595574403684397291e-01 3.450223181410612128e-01 4.384009598106574090e-01 3.266327679686927277e-01 4.431349390126966270e-01 6.109969304553268810e-01 2.644995703919444940e-01 4.054810901263602441e-01 2.487067345883393621e-01 2.426828604942853906e-01 5.693577663083262408e-01 3.665160036634355079e-01 3.172861772930239965e-01 3.351347814744635722e-01 4.658734069847286219e-01 3.511204147078376692e-01 3.536882633013281318e-01 2.314288440381261636e-01 2.313333612939605932e-01 3.925795159774952969e-01 2.077122191453620592e-01 2.272386953298659584e-01 2.361240097779496450e-01 4.153481195927393732e-01 4.662381375788881011e-01 1.948646678967339008e-01 4.276526500990702750e-01 3.317134404242070289e-01 2.572714243903463927e-01 3.463817174117571063e-01 4.057806801527890639e-01 2.240673213994247293e-01 4.406511104579738936e-01 3.190787909264453659e-01 5.618546055779737314e-01 4.673785945031827538e-01 4.979190553188653223e-01 4.726625902424066439e-01 2.810407135054459049e-01 5.440056822154690774e-01 2.915109211837700331e-01 3.340379638631170711e-01 4.253244337596129299e-01 2.862474041647120049e-01 3.158089673990370216e-01 3.014973885018591981e-01 4.263643652346026935e-01 3.867974339989719290e-01 2.448118803572444935e-01 3.289602254192331987e-01
4.583166645397016015e-01 1.000000000000000000e+00 3.978496431599843897e-01 2.321632746834379479e-01 3.938386064314959301e-01 3.176330268664002143e-01 4.781484849848235963e-01 3.802652215974956507e-01 4.385720121516294978e-01 2.494313098794713746e-01 2.802832052739677171e-01 4.612042326197910436e-01 4.898096361108051910e-01 3.831025031240086198e-01 3.918382351251435414e-01 4.847641451071244556e-01 4.659782988423756822e-01 4.730955929688590578e-01 2.392842731277419754e-01 4.134621575935567006e-01 5.295786737856538196e-01 2.794390705994567736e-01 4.012650637902666628e-01 2.054416409916798580e-01 3.800203801889902033e-01 2.373514061606351311e-01 3.898763048118988883e-01 4.546580360947193311e-01 2.925758297442163647e-01 2.998230112980381779e-01 1.863011496949425472e-01 2.180370669889272750e-01 1.382237511127052676e-01 4.468083153407514385e-01 4.815130023863071207e-01 2.500754731856248414e-01 4.872127744284986406e-01 4.940277949469891183e-01 4.160965853570887107e-01 3.010738465255097807e-01 5.158088664415112490e-01 3.990399605812308126e-01 4.019461258908382240e-01 3.120639248305007163e-01 3.129939195959921538e-01 4.192034357574995207e-01 5.038617524213788723e-01 3.875349750423356388e-01 2.307681820670068329e-01 4.964260930456088627e-01 3.977963378156441632e-01 3.193103638890970042e-01 3.890954520249370607e-01 2.856868704234422074e-01 2.198823094412131474e-01 2.855371519637618372e-01 3.608669848294428495e-01 3.062235495895442305e-01 2.088324651044985436e-01 2.923966779313616482e-01
3.038097931672864571e-01 3.978496431599843897e-01 1.000000000000000000e+00 2.428068810040757142e-01 5.544264786695020097e-01 4.436618980583225680e-01 4.090159487416403783e-01 4.843143416050356143e-01 1.529548146547493048e-01 2.899148811288678185e-01 3.117764459700006485e-01 4.821697660566416910e-01 2.442809214491955816e-01 4.036355897632327716e-01 5.855530589720879808e-01 3.577951921300140947e-01 4.562661691455598967e-01 2.732968247449814037e-01 3.929803845066400791e-01 3.872286946916749795e-01 3.095393599768391235e-01 4.526921614684097372e-01 6.303180477530860859e-01 4.520365022334311145e-01 4.036800517065627369e-01 4.899100031200115390e-01 5.113499365550179254e-01 5.406968051142273524e-01 6.454407380431292918e-01 5.168875264629418931e-01 5.360727120953638902e-01 1.748040855744426303e-01 4.264327228668468583e-01 2.646512301052252880e-01 4.191889376834417869e-01 3.807601355366271867e-01 3.705215136738361226e-01 2.653154821976891897e-01 3.029257076575616048e-01 3.550378000851169835e-01 2.731769683344663635e-01 3.582787891845892747e-01 4.949664206894588969e-01 5.019349281576733768e-01 5.516880812901089337e-01 5.241558370422682023e-01 3.266649816726557298e-01 4.120242256837943207e-01 4.025789090081798305e-01 5.729134883642872378e-01 4.464893315521408224e-01 2.641872025555049852e-01 3.961919544346447219e-01 2.793522421501721809e-01 3.786831246765177683e-01 2.858102417753473623e-01 5.667712918888234697e-01 5.107018551016636598e-01 4.496443189547981722e-01 4.227232034503892177e-01
3.971429610264951560e-01 2.321632746834379479e-01 2.428068810040757142e-01 1.000000000000000000e+00 4.039409841967175341e-01 4.765584700842296906e-01 3.857758803085978849e-01 2.339007241335311904e-01 3.936615754514621868e-01 3.276184858534355038e-01 3.911032251825090067e-01 4.358141689261199048e-01 5.507819677739711484e-01 3.153326734497860495e-01 4.871927635177451532e-01 5.009898597658203334e-01 3.708772915553207317e-01 5.027897250272450602e-01 3.973030413821807549e-01 4.518874830850735935e-01 5.660127304773691082e-01 2.732760413191591686e-01 4.683058871728268957e-01 3.470400158659164846e-01 3.231851687518446647e-01 3.635053837226913664e-01 5.039753506626573065e-01 3.692711048930011897e-01 3.037808746178772279e-01 3.706112998629318422e-01 3.203911727706006407e-01 2.308463031077871430e-01 3.875967830893372046e-01 4.130805303292543473e-01 6.034559498418234913e-01 2.312062849503469519e-01 2.991675404889916901e-01 4.729152483829769937e-01 2.606548925023496888e-01 2.525897579694958428e-01 3.587761558043617294e-01 2.954825686888368219e-01 3.642119505403809687e-01 4.236619311143872690e-01 3.995402452957818040e-01 4.735083599514035013e-01 4.299368928036015336e-01 4.724421725371863445e-01 3.047118457833388194e-01 5.807921614081589246e-01 3.749739272329138950e-01 2.775338813652646897e-01 3.231217921100091317e-01 3.858866935719730273e-01 3.778047527866382760e-01 1.985315524013202826e-01 3.839496633937793391e-01 2.827222652464592700e-01 2.362202418316994290e-01 4.484303311977352879e-01
3.519308624922138362e-01 3.938386064314959301e-01 5.544264786695020097e-01 4.039409841967175341e-01 1.000000000000000000e+00 3.954894314104942521e-01 2.462016123650744015e-01 4.512522607060532875e-01 2.391782704426471950e-01 1.100983649825681698e-01 4.843024415097041957e-01 4.252127193452680531e-01 4.049761696068532868e-01 4.485962679487821569e-01 6.823839186634963472e-01 1.473705201699035405e-01 4.778646820193062084e-01 2.594596313169485469e-01 3.959116806306394731e-01 6.244658562753812037e-01 3.687923284379380773e-01 5.682834192372400173e-01 5.733247797205771601e-01 5.868029880323103464e-01 4.812469426768215541e-01 4.938362414351954999e-01 5.897431711896207185e-01 5.957077462125621725e-01 4.594585980873578390e-01 4.864405142560325745e-01 4.925207565327591186e-01 1.013179051035172640e-01 3.980318132375409435e-01 1.804350346287867668e-01 4.339203838085653464e-01 4.405935209910835093e-01 3.917207675232877717e-01 3.078187412217759378e-01 4.411394881994731287e-01 3.583187442830383374e-01 1.834512499670957197e-01 3.983727298559586738e-01 2.933275852770950709e-01 3.985098868714040954e-01 5.806844450635212374e-01 7.212302154418667177e-01 2.999385226473753607e-01 5.795277502163349581e-01 3.346360211250806183e-01 5.435459710954981816e-01 5.062328499176167451e-01 4.048911449793378692e-01 5.624874436779900844e-01 5.099810416182432027e-01 4.677951895517507563e-01 4.295184610932258340e-01 5.469659367279001705e-01 4.973656426302780487e-01 4.503756527403314780e-01 3.106654100060315393e-01
2.484858775914796924e-01 3.176330268664002143e-01 4.436618980583225680e-01 4.765584700842296906e-01 3.954894314104942521e-01 1.000000000000000000e+00 5.842019338329043077e-01 1.847973419603413658e-01 3.437307476392458261e-01 4.370740859683587831e-01 3.304989556829892594e-01 2.708279492687470369e-01 4.319388505717496329e-01 3.940172030528462654e-01 4.545736290967870019e-01 5.434424613093403744e-01 3.483225247529329605e-01 3.693020501360702035e-01 1.979943869060147854e-01 4.057589454270041918e-01 5.234573286117572000e-01 3.625100814794664505e-01 4.056973745548801413e-01 3.677581540945508154e-01 3.694513873536541260e-01 3.878785194621263699e-01 3.712176838070688767e-01 4.752159548042292903e-01 2.705995815669605120e-01 4.202056992911203936e-01 3.099770197697176433e-01 2.109556111296628234e-01 3.716808675280616758e-01 3.705902368948471026e-01 4.508554608136309261e-01 2.617746449326855962e-01 3.971952301818039710e-01 3.807722075356818614e-01 2.712253255158653675e-01 2.268456222920469667e-01 4.210869970104266224e-01 1.967328359293511464e-01 4.685744597237354592e-01 3.229982829429887126e-01 3.759068516254864267e-01 3.191052313448423661e-01 5.122410329439177623e-01 4.927306605343124701e-01 2.621505712454096360e-01 3.666011260087971846e-01 1.753954354249675218e-01 4.630210974496961063e-01 3.842125447380161374e-01 2.399739613300932994e-01 3.847695335516292392e-01 3.154388466251743517e-01 3.013826079616395148e-01 3.489818652257864473e-01 2.124135751428259111e-01 3.280158411921333950e-01
6.119021656237680906e-01 4.781484849848235963e-01 4.090159487416403783e-01 3.857758803085978849e-01 2.462016123650744015e-01 5.842019338329043077e-01 1.000000000000000000e+00 4.512122294821212520e-01 4.389495333045898562e-01 4.883058571063503273e-01 4.419641308783129330e-01 5.011922051512671672e-01 1.908550217128302806e-01 6.423904202660773999e-01 7.119274303237018708e-01 1.643623590147376690e-01 5.198348384210293993e-01 4.068549937080400691e-01 5.183298972397561988e-01 5.640782023087809183e-01 4.327072238357086431e-01 5.779446995410035814e-01 4.846863928794574727e-01 5.586056085955151129e-01 5.041008451376770561e-01 5.427710387196498232e-01 5.655579065261099325e-01 4.887125674238180228e-01 6.001161243739383533e-01 6.014047316010163735e-01 5.055139156790839916e-01 1.383732848932754111e-01 4.371029600835457662e-01 2.865663996070198505e-01 4.105648977263586241e-01 5.436909366013790157e-01 2.820251832523171798e-01 2.791795706660307741e-01 5.055394929311003427e-01 4.379917249287791359e-01 2.725348782453513863e-01 4.720633363058149845e-01 2.583262895579789276e-01 4.113051592031531922e-01 5.519592988970067893e-01 6.038610715227002990e-01 3.990363363338457203e-01 6.814061157637667510e-01 4.658383758414467724e-01 6.183448507376366754e-01 5.246406771953443515e-01 3.594290756730684211e-01 5.910446007503663557e-01 5.340949538821078146e-01 5.563698425654444168e-01 5.925129868657431631e-01 5.519057210172484407e-01 5.204371594057199957e-01 5.175303097811310149e-01 4.790699004184038046e-01
3.103040052588781350e-01 3.802652215974956507e-01 4.843143416050356143e-01 2.339007241335311904e-01 4.512522607060532875e-01 1.847973419603413658e-01 4.512122294821212520e-01 1.000000000000000000e+00 3.879075884630638349e-01 4.144310028235571042e-01 2.133356942787119626e-01 1.648132311784083759e-01 5.828542276936038435e-01 4.425700531534006998e-01 4.241732747537744208e-01 5.020404725030122028e-01 4.055314111896860529e-01 4.295717339757888498e-01 2.658412644163957173e-01 5.935885239361550214e-01 4.329381294274849412e-01 3.959133938084508086e-01 3.067596423846424836e-01 3.780973075618120349e-01 4.297266332189916827e-01 4.530373327600406563e-01 3.819415704175431192e-01 3.597760321437737940e-01 3.903440341543101821e-01 3.586177020576842844e-01 2.458138092118035689e-01 2.745618621997593656e-01 2.266833442371447016e-01 3.380398806311796234e-01 4.824216597538590889e-01 3.214502870910754817e-01 3.311497675241564242e-01 3.523923820573931498e-01 3.018903980188777925e-01 4.483561486526508877e-01 4.284525547951075208e-01 1.897362923091788500e-01 5.129452223859137794e-01 3.072646711054425328e-01 4.699597116209666692e-01 4.066390416827886378e-01 4.093122956886930952e-01 4.515344408180407276e-01 2.872177424739799090e-01 3.530930506255689494e-01 3.190178906655453117e-01 3.865399839555589412e-01 3.711160218092982022e-01 2.327722381757163228e-01 2.988958823137498055e-01 4.616919160283300405e-01 4.347344115455570313e-01 3.817895766665532764e-01 2.091343176094596912e-01 3.126441860846099208e-01
3.523594811709996333e-01 4.385720121516294978e-01 1.529548146547493048e-01 3.936615754514621868e-01 2.391782704426471950e-01 3.437307476392458261e-01 4.389495333045898562e-01 3.879075884630638349e-01 1.000000000000000000e+00 2.421679478643368744e-01 3.283305667642798520e-01 4.591579158263071614e-01 3.767052493103531519e-01 3.584797778073526286e-01 4.865473382052229456e-01 3.924270492782184760e-01 4.756711518821775675e-01 3.357993777621073872e-01 4.147241139738545579e-01 5.390215913820883831e-01 2.878521185247915892e-01 4.553384885876334276e-01 5.228193876109304972e-01 5.861002038602437514e-01 4.818703335721809533e-01 5.084439266719464889e-01 6.417937161125155665e-01 4.625796472630638867e-01 4.486899753928970114e-01 4.332242494089498241e-01 5.354508728726831146e-01 1.361040158208996209e-01 3.173919026472876714e-01 3.006824425421778524e-01 5.943688657622898663e-01 3.466379541641408935e-01 5.746967468038431948e-01 2.603565161837541053e-01 2.994891116136280118e-01 2.981008895760860478e-01 2.772439807594445638e-01 5.086356569663719185e-01 3.265626078520574294e-01 2.898294287746784881e-01 5.123071015620496160e-01 5.613167224113475573e-01 2.855639408366171805e-01 4.735640748946499667e-01 3.119253014528270418e-01 6.375954457035253320e-01 3.975256844570794756e-01 3.967250686170387119e-01 3.730548868234405124e-01 2.741866582655564377e-01 4.674326127407127940e-01 3.860784217183356182e-01 4.683493686607841378e-01 4.629880111940818388e-01 3.743612300003172910e-01 4.393315348544931109e-01
2.726860783634890706e-01 2.494313098794713746e-01 2.899148811288678185e-01 3.276184858534355038e-01 1.100983649825681698e-01 4.370740859683587831e-01 4.883058571063503273e-01 4.144310028235571042e-01 2.421679478643368744e-01 1.000000000000000000e+00 4.203507599259720950e-01 3.271004906173707871e-01 4.121440569246311303e-01 3.835123598907174136e-01 6.104480185186160757e-01 3.856074294521277812e-01 5.707428537005719837e-01 1.666513400676109813e-01 3.559696467577977974e-01 6.293936679624414499e-01 3.209301658176071381e-01 5.343247754900722901e-01 6.370848464440758141e-01 4.945037712066097657e-01 4.642530542498274349e-01 4.661417293667274864e-01 5.242556734233956295e-01 5.457149458722744262e-01 4.093148219288849643e-01 5.173243665397148083e-01 5.970472157056561091e-01 2.839284208884890748e-01 4.279550331924802942e-01 4.197097619341285113e-01 5.177686862277559587e-01 2.979424989095905696e-01 1.939510975630377998e-01 2.605607269584412355e-01 3.414762380854889368e-01 4.660533774311117483e-01 1.968385354391297692e-01 2.861089667896152267e-01 4.084556268926436973e-01 3.837000157778455711e-01 6.847713182789376685e-01 6.562311905855621186e-01 3.612994937557013064e-01 5.260463771882474271e-01 3.654392053994529044e-01 5.197236048489275451e-01 3.372888867387221490e-01 2.387414683029114859e-01 3.631974664875735059e-01 3.856263660417128536e-01 4.557212713979971741e-01 3.415146610409271477e-01 4.526905120591832588e-01 5.330640963040623737e-01 4.308299725345826059e-01 3.186699618249358434e-01
3.595574403684397291e-01 2.802832052739677171e-01 3.117764459700006485e-01 3.911032251825090067e-01 4.843024415097041957e-01 3.304989556829892594e-01 4.419641308783129330e-01 2.133356942787119626e-01 3.283305667642798520e-01 4.203507599259720950e-01 1.000000000000000000e+00 3.383378136434087580e-01 4.628515600299298316e-01 3.329632079050012239e-01 3.355934615606940841e-01 5.197274959231060754e-01 3.414223794575052540e-01 5.370442938738684280e-01 2.927330520694383376e-01 2.414697061802892064e-01 4.922533168755306443e-01 3.993981138845189571e-01 4.918759421651399677e-01 3.205011018891638086e-01 4.789168082892070188e-01 3.701225924867225237e-01 5.586170402551916547e-01 2.191919489778521579e-01 4.119567157481922592e-01 4.657417697328788964e-01 2.501107937775954859e-01 2.037756988630666233e-01 1.772167025741799296e-01 4.518242805072699153e-01 4.804003390206817992e-01 3.400469548222153082e-01 4.262401367108387129e-01 4.444581654090084544e-01 2.671793927599314111e-01 3.352172078470800898e-01 4.254422126119122294e-01 2.515788817110587994e-01 3.681141814693259517e-01 4.191870891081165840e-01 3.706633326969074882e-01 5.027499725487822868e-01 5.544075265946452058e-01 5.296748384158423972e-01 2.333330284542967092e-01 4.402409544732270308e-01 3.700014014285638586e-01 3.579193344171502367e-01 3.194870910840936773e-01 2.645064060479603296e-01 3.280621813837910072e-01 2.918726028466080424e-01 3.433791834790742570e-01 3.927931626135706122e-01 2.702882808174044138e-01 3.096336841278917729e-01
3.450223181410612128e-01 4.612042326197910436e-01 4.821697660566416910e-01 4.358141689261199048e-01 4.252127193452680531e-01 2.708279492687470369e-01 5.011922051512671672e-01 1.648132311784083759e-01 4.591579158263071614e-01 3.271004906173707871e-01 3.383378136434087580e-01 1.000000000000000000e+00 6.117345039963794084e-01 2.774632910820150067e-01 4.915560211017891978e-01 5.396793029037144640e-01 2.703852981336657413e-01 4.181895835239616277e-01 4.326878677965046438e-01 4.233487694665608592e-01 4.725292288274506314e-01 4.235721693735953752e-01 3.117883261169895337e-01 4.286210343660418753e-01 3.630670982696228011e-01 3.161372482073350199e-01 4.318027458699151278e-01 2.999447496192620410e-01 4.128603061546677333e-01 4.719540998937527543e-01 2.800473048340842430e-01 1.803324385188240231e-01 3.562865480833482534e-01 4.862921178545137613e-01 5.794990204844182591e-01 3.872534391778453822e-01 5.196658674868063210e-01 3.239656743503440683e-01 2.661085648900180511e-01 4.185412070861871392e-01 4.630669224681581153e-01 2.704097780067195034e-01 4.493321162798467050e-01 4.906218343584470287e-01 5.086368522723659913e-01 4.320067843372438210e-01 5.473109641282027926e-01 4.637725880884259189e-01 3.256326212492018923e-01 4.627458152798206714e-01 4.005673154407787817e-01 4.048866411129150578e-01 4.800176130175500822e-01 3.588784830412813376e-01 3.619607364144237782e-01 4.013455864973097253e-01 5.254947158210461211e-01 3.151546251293403378e-01 2.391287543103721158e-01 4.135486526770700277e-01
4.384009598106574090e-01 4.898096361108051910e-01 2.442809214491955816e-01 5.507819677739711484e-01 4.049761696068532868e-01 4.319388505717496329e-01 1.908550217128302806e-01 5.828542276936038435e-01 3.767052493103531519e-01 4.121440569246311303e-01 4.628515600299298316e-01 6.117345039963794084e-01 1.000000000000000000e+00 4.103368058269708518e-01 6.483002971189304464e-01 2.057421337049583632e-01 6.396116357878113279e-01 2.273144541381904860e-01 4.320884908539618374e-01 6.652019999271420181e-01 2.459936302102139760e-01 5.314449938323768663e-01 4.901174585681269957e-01 3.815930061146435848e-01 3.995572761778851678e-01 5.861614020729450925e-01 4.682693550055684883e-01 5.168660444697705802e-01 5.822270383579628561e-01 4.425410918262904225e-01 3.603257649379122407e-01 2.568712920652844178e-01 4.659815412953392522e-01 2.041404535686178190e-01 3.207205794356903783e-01 4.296433898607791013e-01 3.580376214017335634e-01 3.690443292463546077e-01 4.190739607201615646e-01 4.636908653056487917e-01 2.352194536570791361e-01 4.244126473625270402e-01 2.958536665186350945e-01 3.282673962260308498e-01 4.633345018285423000e-01 5.369043812560263529e-01 3.054673606634944472e-01 5.199869230808975562e-01 3.999242109274042667e-01 6.458851794270795699e-01 4.638905162569818552e-01 5.104579566207394503e-01 5.431267267833832513e-01 4.687326866298094918e-01 3.793211716361543639e-01 4.164303996782792727e-01 4.271753795164281442e-01 5.384766479715910048e-01 5.582984145535896392e-01 4.260299408160738155e-01
3.266327679686927277e-01 3.831025031240086198e-01 4.036355897632327716e-01 3.153326734497860495e-01 4.485962679487821569e-01 3.940172030528462654e-01 6.423904202660773999e-01 4.425700531534006998e-01 3.584797778073526286e-01 3.835123598907174136e-01 3.329632079050012239e-01 2.774632910820150067e-01 4.103368058269708518e-01 1.000000000000000000e+00 4.218453916124756953e-01 5.119830632478743482e-01 3.862815247120032214e-01 4.856587237864663509e-01 2.911705391181197422e-01 3.375374534661668702e-01 5.305016518910129486e-01 3.329171107325971657e-01 3.734628094810152343e-01 3.961714890351185625e-01 3.697323863594640381e-01 3.489470916038652781e-01 3.013548197270902729e-01 2.777768087913914385e-01 2.177559456289863138e-01 4.485567505435922309e-01 2.203881831081053178e-01 2.478463998644164223e-01 3.099702546902194378e-01 4.410153071479353537e-01 3.894462485368545002e-01 3.228642494244155503e-01 3.957258241942718247e-01 4.237421155446282617e-01 4.763037873060259608e-01 4.118555524352711106e-01 5.603606085131280778e-01 1.667416091975283676e-01 5.996786401948005496e-01 4.686835464675673246e-01 3.926312879438577097e-01 3.864267426795836013e-01 4.884484341397108409e-01 3.950895333298681256e-01 2.348630895171551491e-01 3.971917723647127585e-01 2.741882014837165871e-01 3.342006817906673644e-01 3.771794446667388057e-01 3.300514658015508695e-01 1.689994940049884264e-01 2.716405347614992971e-01 3.964293948888169550e-01 3.318720205456207606e-01 3.920309043307650398e-01 1.357246651316323105e-01
4.431349390126966270e-01 3.918382351251435414e-01 5.855530589720879808e-01 4.871927635177451532e-01 6.823839186634963472e-01 4.545736290967870019e-01 7.119274303237018708e-01 4.241732747537744208e-01 4.865473382052229456e-01 6.104480185186160757e-01 3.355934615606940841e-01 4.915560211017891978e-01 6.483002971189304464e-01 4.218453916124756953e-01 1.000000000000000000e+00 6.318837633491743988e-01 3.061007349648323661e-01 6.191723602063096132e-01 3.692350657805241743e-01 3.791937946020914607e-01 6.566778942666766650e-01 2.998104179935293656e-01 3.918998504487437584e-01 2.154479891276321335e-01 3.145630276947334880e-01 3.666004331251618842e-01 3.506037217656132188e-01 2.503218630040027759e-01 3.075693343784580702e-01 4.232567620299151900e-01 3.127091102924362542e-01 2.459140765325629197e-01 4.966505597454889953e-01 5.745249176973178384e-01 6.560495245609533344e-01 5.229718257753364075e-01 5.735666788993445397e-01 6.759441387362692399e-01 3.670440316144184534e-01 5.563754539152265810e-01 6.760711108822972104e-01 4.554315941258469391e-01 6.851000198510522887e-01 5.649498272800563825e-01 1.252645171978527538e-01 2.412333838527359053e-01 5.477830851732919948e-01 3.058086394341373304e-01 5.571847687679514216e-01 3.352571597445484497e-01 5.150059014574531746e-01 3.668969441809518672e-01 1.955270643997052971e-01 3.496394814809461460e-01 3.053691864900437425e-01 3.367006124980834736e-01 2.776014711457244766e-01 2.878304359041489735e-01 3.395522009231682903e-01 3.921854832389411460e-01
6.109969304553268810e-01 4.847641451071244556e-01 3.577951921300140947e-01 5.009898597658203334e-01 1.473705201699035405e-01 5.434424613093403744e-01 1.643623590147376690e-01 5.020404725030122028e-01 3.924270492782184760e-01 3.856074294521277812e-01 5.197274959231060754e-01 5.396793029037144640e-01 2.057421337049583632e-01 5.119830632478743482e-01 6.318837633491743988e-01 1.000000000000000000e+00 5.023705246177365691e-01 2.592077010113545965e-01 3.653971744388819221e-01 6.300272566049029965e-01 2.278429742977086947e-01 5.807448909480985577e-01 3.681206473298869186e-01 6.118581404493710352e-01 5.157650924191643504e-01 4.748133334581385867e-01 5.281555169763196833e-01 4.050396294216557780e-01 5.668201819241186490e-01 5.961801954111282109e-01 5.642607568459669931e-01 2.544632004811880899e-01 3.856166624916963492e-01 3.066556591585588576e-01 3.718173739703901082e-01 3.834227635288403602e-01 4.052283287809361201e-01 4.188297466451899598e-01 4.410682223790223233e-01 5.501334881972427260e-01 2.612125074188715312e-01 3.896050984873368761e-01 2.229238898593817741e-01 3.262078492589754464e-01 5.830665525446659947e-01 5.993550858753481370e-01 2.979907841908815413e-01 5.113524823079508286e-01 3.768142763048630828e-01 6.869052189353925808e-01 4.481121262091521951e-01 3.964990020719946773e-01 5.748855116398352560e-01 5.303267563409834739e-01 4.096762398402081229e-01 4.047971030093843181e-01 5.102023061633855772e-01 4.975037435752512893e-01 4.716226805658412791e-01 4.891694378537770338e-01
2.644995703919444940e-01 4.659782988423756822e-01 4.562661691455598967e-01 3.708772915553207317e-01 4.778646820193062084e-01 3.483225247529329605e-01 5.198348384210293993e-01 4.055314111896860529e-01 4.756711518821775675e-01 5.707428537005719837e-01 3.414223794575052540e-01 2.703852981336657413e-01 6.396116357878113279e-01 3.862815247120032214e-01 3.061007349648323661e-01 5.023705246177365691e-01 1.000000000000000000e+00 6.019923510290432489e-01 4.880937738359572009e-01 3.779133115468409909e-01 5.513109295363378681e-01 2.379725895025099902e-01 2.814884790363157974e-01 2.541989686025925010e-01 3.187942526914374630e-01 2.199052767089909322e-01 3.006321872083755342e-01 2.083578517748284342e-01 3.599893150139598097e-01 2.234316416293975482e-01 4.040377342312664877e-01 1.537666020028702896e-01 3.682770870359394211e-01 6.093912854189925676e-01 5.038536935948993989e-01 3.301474087129137036e-01 5.083818655528555830e-01 5.537322019155410668e-01 4.003472913707319947e-01 5.338414512466521655e-01 5.378859663387167700e-01 3.142861247210184672e-01 4.480726003862439133e-01 4.145386392789532914e-01 4.623990673704632681e-01 2.391534143478236396e-01 5.245096347757722821e-01 2.289145470883220401e-01 3.848425973229326336e-01 3.085668855765423824e-01 3.369978322527936720e-01 4.166476204343473322e-01 2.430327049336001299e-01 3.802112860607280154e-01 2.341772775074805746e-01 2.009897695901128878e-01 4.624283652855080140e-01 3.983694357259611185e-01 2.430902671402458692e-01 2.808179386862282856e-01
4.054810901263602441e-01 4.730955929688590578e-01 2.732968247449814037e-01 5.027897250272450602e-01 2.594596313169485469e-01 3.693020501360702035e-01 4.068549937080400691e-01 4.295717339757888498e-01 3.357993777621073872e-01 1.666513400676109813e-01 5.370442938738684280e-01 4.181895835239616277e-01 2.273144541381904860e-01 4.856587237864663509e-01 6.191723602063096132e-01 2.592077010113545965e-01 6.019923510290432489e-01 1.000000000000000000e+00 3.869082174725714252e-01 6.428994979811237798e-01 3.272338334780774960e-01 4.943517323211238934e-01 5.512161680957783361e-01 4.981272401640950420e-01 5.157275489492875176e-01 4.979414406890952938e-01 5.762333294638153358e-01 5.161776630624451689e-01 5.586347584536609512e-01 5.543029097611199552e-01 5.459455418111514025e-01 1.709905371138745189e-01 4.699809217550052765e-01 2.939358208573847331e-01 3.058485794470581220e-01 5.043626491533276246e-01 3.666548868034946729e-01 2.255558510847824327e-01 4.338001402784493199e-01 4.151346858130843809e-01 1.448218471109462280e-01 4.523896071559613818e-01 3.914854295959378505e-01 3.636955000776204150e-01 5.673155565941589984e-01 6.671792117742186834e-01 3.726291716098007467e-01 6.172036068153499144e-01 4.835897342417970757e-01 4.966675734166695610e-01 4.735127885702331563e-01 3.031853139013948040e-01 4.548657210438566412e-01 3.971993930078069335e-01 3.925785032639453886e-01 4.639068739725112911e-01 4.762466658356528382e-01 4.868036208903617212e-01 5.663738694002062868e-01 3.654331277026544589e-01
2.487067345883393621e-01 2.392842731277419754e-01 3.929803845066400791e-01 3.973030413821807549e-01 3.959116806306394731e-01 1.979943869060147854e-01 5.183298972397561988e-01 2.658412644163957173e-01 4.147241139738545579e-01 3.559696467577977974e-01 2.927330520694383376e-01 4.326878677965046438e-01 4.320884908539618374e-01 2.911705391181197422e-01 3.692350657805241743e-01 3.653971744388819221e-01 4.880937738359572009e-01 3.869082174725714252e-01 1.000000000000000000e+00 5.398575793232139874e-01 6.024833993671140364e-01 3.077364299186459151e-01 3.547302272471194451e-01 4.040694528725411461e-01 5.245787615644447177e-01 3.670701939110980194e-01 5.056346287692748964e-01 3.953395548286526284e-01 2.430215407567569430e-01 4.499532936644894399e-01 2.628693194358787122e-01 2.105784817789344010e-01 2.498656086823408395e-01 4.722380161378002539e-01 5.420095471875041593e-01 3.536183487507370549e-01 3.766363596584499929e-01 3.340572071063269699e-01 3.735325006969703598e-01 2.787647167380383206e-01 4.645570429153789149e-01 2.044322020490203506e-01 3.814172807960805045e-01 4.227715463353384218e-01 4.986346012799997007e-01 4.889724671512493681e-01 4.129975926332809522e-01 4.540725030681656560e-01 2.265841063048946447e-01 4.479591141299191781e-01 3.197859535054871083e-01 3.552466604936729277e-01 4.096671951997222783e-01 2.514163252715756469e-01 1.995779680099605824e-01 2.494871637585291124e-01 3.247861034600443286e-01 4.528606065912778034e-01 3.350797702749607199e-01 3.237394201776469527e-01
2.426828604942853906e-01 4.134621575935567006e-01 3.872286946916749795e-01 4.518874830850735935e-01 6.244658562753812037e-01 4.057589454270041918e-01 5.640782023087809183e-01 5.935885239361550214e-01 5.390215913820883831e-01 6.293936679624414499e-01 2.414697061802892064e-01 4.233487694665608592e-01 6.652019999271420181e-01 3.375374534661668702e-01 3.791937946020914607e-01 6.300272566049029965e-01 3.779133115468409909e-01 6.428994979811237798e-01 5.398575793232139874e-01 1.000000000000000000e+00 5.975004511147830044e-01 2.522087547321736345e-01 3.206866943515859769e-01 2.771027503934605507e-01 4.259710559585495604e-01 2.607902963802399832e-01 2.018649467163041444e-01 2.732707374080021734e-01 2.591227889883921387e-01 2.862865582277557830e-01 2.436086198776498679e-01 1.806161535876802948e-01 3.519183867553993261e-01 4.914479012040015027e-01 6.872337430739235975e-01 3.045684666652251904e-01 5.383597148124679155e-01 5.609448513861851060e-01 3.334441854436284158e-01 5.179277155390697995e-01 5.316543868143768226e-01 3.354728818276219715e-01 5.260767271570434556e-01 4.119946547567178707e-01 5.164162301687496015e-01 1.894765432210946954e-01 5.267165380308107547e-01 4.968418404116716758e-01 2.455369768934779207e-01 3.622757413025450290e-01 3.444194865000367867e-01 5.057090853118590967e-01 3.579858860078128369e-01 3.636551060498418031e-01 3.825104364080839647e-01 3.236767522499344185e-01 3.820922082125703945e-01 3.555296573626141599e-01 2.418169834962481946e-01 2.884937290706834356e-01
5.693577663083262408e-01 5.295786737856538196e-01 3.095393599768391235e-01 5.660127304773691082e-01 3.687923284379380773e-01 5.234573286117572000e-01 4.327072238357086431e-01 4.329381294274849412e-01 2.878521185247915892e-01 3.209301658176071381e-01 4.922533168755306443e-01 4.725292288274506314e-01 2.459936302102139760e-01 5.305016518910129486e-01 6.566778942666766650e-01 2.278429742977086947e-01 5.513109295363378681e-01 3.272338334780774960e-01 6.024833993671140364e-01 5.975004511147830044e-01 1.000000000000000000e+00 6.399630724652538571e-01 6.749962070047959006e-01 5.743458811529340569e-01 6.181509808864713573e-01 6.259555923929754906e-01 5.845308342052041306e-01 6.632333374670205117e-01 5.115523756526332289e-01 6.666695579384350756e-01 6.669653261707371161e-01 1.105741245293954539e-01 4.158131647353318638e-01 2.454286387103135070e-01 3.868536611683919824e-01 5.228706059551295748e-01 3.332574089503286818e-01 3.544178173763203321e-01 5.629742425461896627e-01 3.219063358793188279e-01 2.575795532827317436e-01 5.629335990728161487e-01 2.058374529905173667e-01 4.268313789966245997e-01 6.432214111151410840e-01 6.468539115243400195e-01 3.813249796815034176e-01 6.132045451015653015e-01 5.006852087866046075e-01 6.132146029000965504e-01 5.574932626698597682e-01 3.492876661507245406e-01 6.174863558135703645e-01 5.608241043822717042e-01 6.013442818331459216e-01 4.948785043109780735e-01 5.990822045390713502e-01 5.937372753082146293e-01 5.597070782366759811e-01 5.267930201145958335e-01
3.665160036634355079e-01 2.794390705994567736e-01 4.526921614684097372e-01 2.732760413191591686e-01 5.682834192372400173e-01 3.625100814794664505e-01 5.779446995410035814e-01 3.959133938084508086e-01 4.553384885876334276e-01 5.343247754900722901e-01 3.993981138845189571e-01 4.235721693735953752e-01 5.314449938323768663e-01 3.329171107325971657e-01 2.998104179935293656e-01 5.807448909480985577e-01 2.379725895025099902e-01 4.943517323211238934e-01 3.077364299186459151e-01 2.522087547321736345e-01 6.399630724652538571e-01 1.000000000000000000e+00 1.876012455320062444e-01 2.351653485176192215e-01 3.967925607856304659e-01 2.383013740749007903e-01 4.311845742388211167e-01 2.844476487648496255e-01 2.557982993888711087e-01 2.810732654409474063e-01 3.305389995139392800e-01 2.147130415587675256e-01 3.463542921882806214e-01 4.472954798968496459e-01 5.001379207990325204e-01 3.860516124939518678e-01 5.211788184488717057e-01 3.967653087275338497e-01 3.835905355134764938e-01 4.990498875606170226e-01 5.127123842325702618e-01 2.946896479043076278e-01 4.425574205956246954e-01 4.091014002872762623e-01 3.412195238349480242e-01 3.309749227434571894e-01 5.251776478647972590e-01 4.191715776352840095e-01 4.457117451754804560e-01 4.044984216268076582e-01 2.664928376671583665e-01 4.566404852496452338e-01 1.970358103527287408e-01 3.101222024630831964e-01 3.604615705362194111e-01 2.234294455011268110e-01 2.089580289367124200e-01 3.016289361451212625e-01 2.336192724819518562e-01 3.615576776415808102e-01
3.172861772930239965e-01 4.012650637902666628e-01 6.303180477530860859e-01 4.683058871728268957e-01 5.733247797205771601e-01 4.056973745548801413e-01 4.846863928794574727e-01 3.067596423846424836e-01 5.228193876109304972e-01 6.370848464440758141e-01 4.918759421651399677e-01 3.117883261169895337e-01 4.901174585681269957e-01 3.734628094810152343e-01 3.918998504487437584e-01 3.681206473298869186e-01 2.814884790363157974e-01 5.512161680957783361e-01 3.547302272471194451e-01 3.206866943515859769e-01 6.749962070047959006e-01 1.876012455320062444e-01 1.000000000000000000e+00 3.280915082380773673e-01 2.954880887460706873e-01 1.685287502414315186e-01 2.078707598429671288e-01 3.384738221355172993e-01 2.939465826966137785e-01 3.572520803863726280e-01 2.963936965488475073e-01 2.542527418359891711e-01 2.424986651739322596e-01 6.499164207930558934e-01 6.851583663215699005e-01 4.403246265853907326e-01 4.535451429021245540e-01 5.547522418069119610e-01 2.808673202102536792e-01 4.301130063994966224e-01 5.787940006446082863e-01 3.309618930558147487e-01 5.914155198862612872e-01 6.085694567486089612e-01 3.493783588077320479e-01 3.908173697797481805e-01 5.300817807149902361e-01 2.695013188239484547e-01 2.877207521607557661e-01 3.037457136467828223e-01 3.274403541386355920e-01 5.192331525300966089e-01 3.586343117304736650e-01 3.556203741061069179e-01 3.660657836283541244e-01 4.137333277738603488e-01 4.410087338146414515e-01 2.953419642139995527e-01 2.694176989040149017e-01 2.620374029152157669e-01
3.351347814744635722e-01 2.054416409916798580e-01 4.520365022334311145e-01 3.470400158659164846e-01 5.868029880323103464e-01 3.677581540945508154e-01 5.586056085955151129e-01 3.780973075618120349e-01 5.861002038602437514e-01 4.945037712066097657e-01 3.205011018891638086e-01 4.286210343660418753e-01 3.815930061146435848e-01 3.961714890351185625e-01 2.154479891276321335e-01 6.118581404493710352e-01 2.541989686025925010e-01 4.981272401640950420e-01 4.040694528725411461e-01 2.771027503934605507e-01 5.743458811529340569e-01 2.351653485176192215e-01 3.280915082380773673e-01 1.000000000000000000e+00 2.378554126081715014e-01 2.634937089252104014e-01 3.114047189321609288e-01 2.628904111146660449e-01 3.746935637475565239e-01 2.855678112230385368e-01 3.280624802273275908e-01 2.061144849431707782e-01 2.695396091645506087e-01 4.507301605162785663e-01 5.997846274033042935e-01 4.996351037593305122e-01 5.781157132111447439e-01 4.521982914185766478e-01 3.291746916838104720e-01 3.451476701342220954e-01 4.505457073347561847e-01 3.430857691909198204e-01 4.419959252634765301e-01 5.487708652195458781e-01 3.045989605250508103e-01 4.339203648259120638e-01 5.671516429842137219e-01 3.850644934344196191e-01 3.281623098269040861e-01 4.983690175832339864e-01 2.600666118561641982e-01 3.540521942414239231e-01 3.483247851598675893e-01 3.374604427846030208e-01 3.634157300627524623e-01 2.389782838789300534e-01 2.792481198646242224e-01 3.022148242274577679e-01 3.573071368063964748e-01 2.459713243425603602e-01
4.658734069847286219e-01 3.800203801889902033e-01 4.036800517065627369e-01 3.231851687518446647e-01 4.812469426768215541e-01 3.694513873536541260e-01 5.041008451376770561e-01 4.297266332189916827e-01 4.818703335721809533e-01 4.642530542498274349e-01 4.789168082892070188e-01 3.630670982696228011e-01 3.995572761778851678e-01 3.697323863594640381e-01 3.145630276947334880e-01 5.157650924191643504e-01 3.187942526914374630e-01 5.157275489492875176e-01 5.245787615644447177e-01 4.259710559585495604e-01 6.181509808864713573e-01 3.967925607856304659e-01 2.954880887460706873e-01 2.378554126081715014e-01 1.000000000000000000e+00 3.109726252612793895e-01 2.327358008916028953e-01 3.445105936346021802e-01 1.628156849517913562e-01 2.604246786832941640e-01 3.011400085518342595e-01 1.798812456537037252e-01 2.829926804029894161e-01 4.703575478441958668e-01 6.059137797698227468e-01 3.369853065675352255e-01 5.073645769540794381e-01 4.965057223947978438e-01 3.249090610343207675e-01 5.029273368187962001e-01 3.582646621684338895e-01 3.309181179530858996e-01 3.826764491307980132e-01 5.629641797746705034e-01 3.204103527283982400e-01 4.340544095617875908e-01 4.903457966959361980e-01 3.125586974382444927e-01 3.684537620127517066e-01 4.287725504781956798e-01 2.377199871844609125e-01 4.415617791737066478e-01 3.074070302834343016e-01 3.216362332591086726e-01 2.809590251264516003e-01 2.327923888374502925e-01 1.671629455944945997e-01 2.836533271611760276e-01 2.582331171692734406e-01 3.554970697329702389e-01
3.511204147078376692e-01 2.373514061606351311e-01 4.899100031200115390e-01 3.635053837226913664e-01 4.938362414351954999e-01 3.878785194621263699e-01 5.427710387196498232e-01 4.530373327600406563e-01 5.084439266719464889e-01 4.661417293667274864e-01 3.701225924867225237e-01 3.161372482073350199e-01 5.861614020729450925e-01 3.489470916038652781e-01 3.666004331251618842e-01 4.748133334581385867e-01 2.199052767089909322e-01 4.979414406890952938e-01 3.670701939110980194e-01 2.607902963802399832e-01 6.259555923929754906e-01 2.383013740749007903e-01 1.685287502414315186e-01 2.634937089252104014e-01 3.109726252612793895e-01 1.000000000000000000e+00 2.970876033340920097e-01 3.353723926817909207e-01 5.107348736079410090e-01 2.600075364744148798e-01 3.779991893675295755e-01 1.440793319621984092e-01 3.886065528405551195e-01 3.672407678898843564e-01 7.029172649852588606e-01 6.793632403530361907e-01 5.103096764787862227e-01 5.459914507625061031e-01 2.794454894369534093e-01 5.025151566828525151e-01 5.511615665635025696e-01 3.455402789682379128e-01 5.049341192524383626e-01 4.567049192617993469e-01 3.138800780428449566e-01 4.112150173762042504e-01 6.248570607749766026e-01 2.357621969177738086e-01 4.020208050956558532e-01 3.347775923377510066e-01 4.256339122909246209e-01 5.521836055950664068e-01 3.100459203092952865e-01 2.841560738424107058e-01 2.211689820329183487e-01 2.797931673838717215e-01 2.960524473238045351e-01 2.952293021873020895e-01 3.681959223904274769e-01 2.685522961476832782e-01
