,1,10,11,12,13,14,15,16,17,18,19,2,20,21,22,23,24,249,25,250,251,252,253,254,255,256,257,258,259,26,260,261,262,263,264,265,266,267,268,269,27,270,271,272,273,274,275,276,277,278,279,28,29,3,30,31,4,5,559,560,561,562,563,564,565,566,567,568,569,570,571,572,573,574,575,576,577,578,579,580,581,582,583,584,585,586,587,588,589,6,7,8,9
1,1.0,0.9131609463035103,0.9706855572718195,0.9948641462934525,0.9268611514122672,0.9617610543738713,0.9246486026425331,0.9728507086417048,0.862428745293202,0.9040030350242101,0.9328818810840454,0.9983295750222112,0.9414102058324675,0.964353391602444,0.9590105350651228,0.9872584048431169,0.9575736060551929,0.9262876564542385,0.9465667762809088,0.971615893292102,0.9709122862513119,0.8930695772623097,0.924924341651948,0.8967308184308608,0.9113877879990723,0.8809678259439458,0.8660263266716474,0.8610100377485299,0.9507258733796682,0.8952125742398461,0.8567796706215093,0.9182907053688102,0.8588460010028383,0.8706564913227768,0.9690537752474708,0.8470011942369614,0.8533313811118503,0.9042975132070151,0.9261419239023797,0.995552867503238,0.9293234319542684,0.9293465033445862,0.949200355129381,0.9289032041499032,0.9068277823611285,0.9431059076648353,0.9412881323896068,0.8984925755756028,0.9213885357192543,0.9846560999022009,0.9526341656723364,0.8767057852558824,0.9644672893143786,0.9675223910476357,0.9952508753299851,0.97916335575323,0.9894519044600826,0.8832116628272426,0.990292017302198,0.9663715206227391,0.9490418042491625,0.9201944110001514,0.9447490904465138,0.9535107070849369,0.9168277849737856,0.9050764964873392,0.9063868746253902,0.9582315180826385,0.9610422916123232,0.9362609175954355,0.9334372471242767,0.8900961572899536,0.9230565073212993,0.9794112723698042,0.9637421358803763,0.9505274285252393,0.9661861839869765,0.9880256065597082,0.9687481841848236,0.9844374873472415,0.9806267290040912,0.9973022178861497,0.9785206204056791,0.9740305450266805,0.9710895319145184,0.9904700368332198,0.9753522044515845,0.9934882310244376,0.9864284199740738,0.9793765263525193,0.8998331807098282,0.8989768971231721,0.9723393910403588
10,0.9131609463035103,1.0,0.9657337005174546,0.9109402991406735,0.9917269095300154,0.9008926618047214,0.7539247631001486,0.9724408997324973,0.7826569212378381,0.9991771410101654,0.8555000119547147,0.9244736158239197,0.7928269628512536,0.9634860216444833,0.880320362728868,0.934074725822234,0.9206668334231825,0.956257449576625,0.9596338195173956,0.8446825106706869,0.9198826176468728,0.8035373349423303,0.8427638127222098,0.777682021193685,0.8228710953483568,0.7010734991576224,0.9088363748281005,0.7574410692631203,0.9009169909762692,0.7890484659929534,0.690724678678037,0.9172042121905682,0.7765179629098253,0.7424707432789396,0.8729793073716484,0.7560145217623158,0.6717541584959215,0.7733259662541926,0.7125800885053037,0.9430526886969773,0.898535262828787,0.8057379105547299,0.7993873202469174,0.8507114675468466,0.7313565468554947,0.7628358327674083,0.7689776890133071,0.7157780134439502,0.6896623409043284,0.8567219768612566,0.7475983859518006,0.8246632190678502,0.8358597732468555,0.9748871610796962,0.8710712999451172,0.9024144718198394,0.8628166947517968,0.9928119766475133,0.8892708299463509,0.9303451337584542,0.9808157291945515,0.913751594786953,0.9777430880040614,0.8726182897657756,0.9584785251169106,0.8909122412816788,0.9619289594331129,0.9634071495801945,0.939279250523736,0.873016942698342,0.9405853015661403,0.8216690455073873,0.895593927136256,0.9258241475469638,0.9043183023100665,0.9271708260834656,0.8747580204400004,0.9210439797637339,0.9643533719217979,0.9121109810354685,0.875193587428785,0.9330889319958467,0.9306252982429082,0.8738588382409251,0.8443253484508144,0.8548597080567705,0.8824213241298281,0.8878443965727932,0.9250294252617054,0.9188734231222303,0.9820125182691871,0.8940309926630625,0.975886610419915
11,0.9706855572718195,0.9657337005174546,1.0000000000000002,0.9740720913222654,0.984678212544551,0.9817610754138654,0.8496634054780333,0.9992466323317134,0.9057511675022907,0.9653332158392792,0.9573381383831892,0.9812257355277767,0.9163822781833026,0.9531178105786335,0.9653156213604349,0.9932590219902885,0.977151447120814,0.9420147665561432,0.9946682982807641,0.929401622997921,0.9732584155856705,0.8542681960528777,0.8748993214526137,0.8531869380431008,0.8767333416254157,0.825151965236956,0.8572270271698399,0.7864827403393315,0.9573389058241962,0.914923668868456,0.8210115575964746,0.9177285146767915,0.8233821299143179,0.8112821918118034,0.9591489880956124,0.810686762408487,0.8119711988328375,0.8960710500631551,0.8099646422506183,0.9772480902141751,0.9546325497837505,0.9314647542996859,0.8854099236470023,0.9464994454804163,0.7963385674877774,0.8367142228079655,0.839288023117827,0.8721424337726926,0.8133583296828842,0.9180360367571276,0.8595149277387175,0.9188124027067742,0.9395778321238817,0.9992240679115826,0.9504311665390128,0.9828587924261519,0.9556249779879615,0.9378953137404877,0.958192922567279,0.986698933008144,0.9789682274300977,0.9717168989056979,0.9888887581165181,0.952126672458991,0.9648282877899881,0.9616740368940396,0.9558720574404864,0.9834165724126979,0.9873831689320746,0.9664986907755102,0.9783639564066371,0.9273316841849232,0.9717840280313557,0.9914050875376565,0.978959351731668,0.9459560584078606,0.9605546810326854,0.9648493023380973,0.9578093949258818,0.9471947099588883,0.9204869935224463,0.9720482632289981,0.9562802918403633,0.9071126582204784,0.9061248178525217,0.9288935770882104,0.9315764367820786,0.9432351536832695,0.9655690338585454,0.9894888872394715,0.9413369467179892,0.9631883526601224,0.9973122055029228
12,0.9948641462934525,0.9109402991406735,0.9740720913222654,0.9999999999999999,0.9264497270161323,0.9742255240208152,0.9436952603081646,0.973818600236758,0.8883330904900576,0.9040765406241188,0.9514471772184429,0.9975572047432728,0.9623999369545582,0.9573397529756493,0.9803886528255032,0.9893364732564789,0.9794375703123367,0.8975898082050712,0.9589090357110444,0.9503204603498374,0.9544887723306278,0.8468862814732988,0.8819538114181709,0.8548347737752636,0.8695428425952952,0.8492134095190368,0.8232780008461849,0.8052723973821299,0.9297774746861385,0.922578083168912,0.8280942424222489,0.881347528462039,0.807479886672511,0.821197153095856,0.9573916823103868,0.7950787884728318,0.8272899246036497,0.8912705215913662,0.9149736651409981,0.9870565914768842,0.9603318550887304,0.9406872184838513,0.918721433604441,0.9222428523930414,0.8676244996949873,0.9287314416247495,0.9128803579308293,0.9132368694815679,0.9031164647343916,0.978306364195898,0.9444634490588281,0.9157468988370996,0.9820842868082004,0.9691339513263578,0.9882862721438083,0.9855249026639987,0.9876646003752602,0.8708604296267983,0.9750589755323747,0.9594674052802765,0.9345967046757754,0.9182195270546614,0.9376121428822195,0.9369784777665066,0.8993408541562833,0.9086495504508176,0.8861915389703526,0.9438752720264166,0.9531751380029215,0.9511696204307563,0.9243008927794618,0.8915371586094278,0.9331907727450783,0.9806252612799842,0.9594751343279453,0.9209745110189976,0.9551722379984207,0.9947594228354726,0.9612804334593877,0.9862952783207557,0.9770616321358577,0.9891945739271796,0.9845229242260303,0.9612110865481047,0.975415421986001,0.9827287486877776,0.9840035449790577,0.9890501738506081,0.993611719413649,0.9858952684478769,0.8789004133879886,0.9101354654781609,0.9760109408472754
13,0.9268611514122672,0.9917269095300154,0.984678212544551,0.9264497270161323,0.9999999999999998,0.9389083338329542,0.7620701528503178,0.9871016844894035,0.8485000057585049,0.9934984599067449,0.9046988202688949,0.9403709489661403,0.8346024501462969,0.9464662414185802,0.9115258598647977,0.9588831601733848,0.9403923963086093,0.9573977920958849,0.9822844198954351,0.8766630487311694,0.9485518050718234,0.8294975656299912,0.8520979100541941,0.8140157910868341,0.8500236319625644,0.7560794648589355,0.8864089938124833,0.7622339355570995,0.9351913946471424,0.8465854574905711,0.7556838028464609,0.9244582097539528,0.8042324345082497,0.772722103601142,0.9136150115283795,0.788240539804693,0.739113531546664,0.8367615749608239,0.7198281173250496,0.9491519080544156,0.9163494365036869,0.863470212890215,0.8283821531686062,0.9053434306172992,0.7351543629738063,0.7616280348174371,0.7737631254368864,0.7790575057058879,0.7182622885712996,0.8592490939832994,0.7701877544379635,0.8674286703929698,0.8676531857965293,0.9899004637531347,0.8922738267717117,0.936632738176168,0.8935485687476361,0.9784491275397711,0.9131028753232215,0.9632188798291889,0.987682725981863,0.9575383057340181,0.9941111196734037,0.9150284443455218,0.9785426131330157,0.9415573887568478,0.9768068529391508,0.980827517615615,0.9702003843549302,0.9212444955082902,0.9734736834843674,0.8860654525516434,0.9432144403606462,0.9570130407449453,0.9445379845223837,0.9396537054868447,0.916525994753081,0.923972793347493,0.9497878824178797,0.907012301005747,0.8697975193620427,0.9390964276759097,0.923977904491447,0.8633004408424948,0.8430579279383221,0.8671152076168442,0.8799111065778227,0.8921950331785842,0.9267797275414258,0.9498245668348062,0.9745296423697389,0.9432543172642522,0.9857214915087215
14,0.9617610543738713,0.9008926618047214,0.9817610754138654,0.9742255240208152,0.9389083338329542,1.0000000000000002,0.8806395052772923,0.9745805023373729,0.964366811431449,0.9024745558279451,0.9942640159371098,0.9741671317359958,0.9678222890732271,0.8986526719791129,0.9903476167348401,0.9902508932100966,0.9831727065536546,0.8771482968003768,0.9826697255174739,0.932643638523047,0.9582905662477533,0.8261788976423302,0.8338004393356313,0.8438618003868558,0.8520857172989367,0.8543972765166741,0.7622624868955158,0.7396308772015483,0.943376586048456,0.9740861476493814,0.8575307846242395,0.8591589757454636,0.7918511854138189,0.7946381656090465,0.9687572339875211,0.784786696477981,0.8565788001796967,0.9331891508383653,0.8269552041624376,0.951169186374488,0.9660659902405461,0.9810934633194646,0.8857783688761861,0.9675293234558989,0.7789863044204776,0.835499097349707,0.8292667053254796,0.9451644870495013,0.8455510389679223,0.9109680527677222,0.8872423989111462,0.9629557962921461,0.9747540515326031,0.9735266311463778,0.9555270826870882,0.9967868793951942,0.9729090458132743,0.8555368268875918,0.9527813434750572,0.9788462207237973,0.9285722207966471,0.9701041827400726,0.951368115161877,0.9557903097664635,0.9205455996920996,0.9722569117512443,0.9023007594358712,0.9475706939740349,0.9737898738762565,0.995954881226722,0.9587685099804293,0.9611566749193118,0.9881556997560301,0.9928936025404553,0.9849159477656153,0.9018345614567476,0.9704395105655653,0.9527041960506587,0.9055713056180675,0.9266076597342449,0.9040298262456082,0.9491843696199568,0.9317602509531177,0.8781998981014038,0.9050195365432361,0.9297841279395663,0.9240939682598601,0.9329682208777036,0.9515137426879213,0.9968697079679738,0.8637123496914924,0.9766582343716008,0.9701934989713555
15,0.9246486026425331,0.7539247631001486,0.8496634054780333,0.9436952603081646,0.7620701528503178,0.8806395052772923,1.0000000000000002,0.8480845030020502,0.8000749686445106,0.7414914542962032,0.8670871378766074,0.9216858782363642,0.9493052611823543,0.8690674597482761,0.9280669732873116,0.8893222556256448,0.9136488644450237,0.7210284318877263,0.8331750921691536,0.8562933700606101,0.8149755119117225,0.6965918048611395,0.7548010438713907,0.7185118066717225,0.7224110794342676,0.7508771008644358,0.6553725069329145,0.6860088596785411,0.774351740297354,0.8674437022701679,0.7111219331362825,0.705401229267125,0.6430403059556651,0.6909144452362714,0.8429557478695983,0.6305045438527294,0.7238235349884338,0.7723274336360662,0.9516762175368169,0.896409433016794,0.9123245152895303,0.86636187451182,0.8332706834872697,0.7847378067422452,0.831377042168088,0.9451713441949714,0.888359597950752,0.8859505350315142,0.9076792924710289,0.957682457326052,0.9525326147570218,0.8647359868384702,0.9606736466351006,0.8384612543242793,0.932639131423181,0.8975995192938692,0.9286948258492002,0.6906138016044597,0.8826227755171165,0.8191190520121479,0.7707556399317179,0.7510478366789436,0.7712898185668678,0.800656240985603,0.7046280670332937,0.7482276121999609,0.6850777983111677,0.7832542746703516,0.8035710024957641,0.8502889136647024,0.7495082856330145,0.7495511441414527,0.7979624166657101,0.8700202777255435,0.8308219415304197,0.7640566636163968,0.8367545531751973,0.9488522121876164,0.8705689958112534,0.9489926425086473,0.9568694042328724,0.9084116090639619,0.9386116731717142,0.9291333410331347,0.9806571182327406,0.9494640217157089,0.9719943350956644,0.9505014157866042,0.9461826429825423,0.8906829921517075,0.6919399839917655,0.7590866734324648,0.8598097268888554
16,0.9728507086417048,0.9724408997324973,0.9992466323317134,0.973818600236758,0.9871016844894035,0.9745805023373729,0.8480845030020502,1.0,0.888839989265863,0.9709474881621544,0.9461524521577718,0.9820378409587258,0.9064630579755174,0.9629639456904573,0.9580298610082004,0.9913623292463352,0.9725757397845649,0.9515131904310133,0.9912249028723956,0.930087204695142,0.97390113484266,0.8608468390531645,0.88501052294898,0.85643418073492,0.8822812768620139,0.8218267023419786,0.8748109713307781,0.7998055938967005,0.957410369630209,0.8998436313651773,0.8146166611211126,0.9272597170699496,0.8303832069146222,0.8173049843106166,0.9559420111131186,0.8166457383691077,0.8044587217234844,0.887309898661611,0.8143318458281397,0.9819043240746247,0.9486451891956199,0.9195367093168438,0.8884366493125176,0.9388145483091048,0.8068560610530288,0.8438450345395807,0.8476657359224388,0.858014637132156,0.8139129824385423,0.9229928448545006,0.8597580532241279,0.9050301595067446,0.9328313716155947,0.9997552302688012,0.9510753699983313,0.9778165215214721,0.9529615048079761,0.9478938890121721,0.9597940974390983,0.9845100192639434,0.9844725408458258,0.9657915186720402,0.9906962707714173,0.9493733025572004,0.967611017973426,0.9529618732140035,0.9603877926918181,0.9863783343162951,0.9858410469304467,0.9562790911645412,0.9765027587161444,0.9155877966850492,0.9626085583700641,0.988105360173961,0.9744604910549125,0.9529377665381888,0.9569447150304846,0.9673008719264681,0.9671687852893303,0.952482768961943,0.9268237496696807,0.9766452187770163,0.9611516678384078,0.916435190646947,0.9098902021129693,0.9317977699903788,0.9348757767384285,0.9474575687861237,0.9682173985697042,0.9852226860836635,0.9513661069519636,0.953350638799164,0.9987098101616714
17,0.862428745293202,0.7826569212378381,0.9057511675022907,0.8883330904900576,0.8485000057585049,0.964366811431449,0.8000749686445106,0.888839989265863,0.9999999999999999,0.7922086926049505,0.9863381567251838,0.8833657623729387,0.9458567900792458,0.7518351335952939,0.9510216386829232,0.9194801381790534,0.9261938993838785,0.7467565799235426,0.9248561545616764,0.8514711817218278,0.8787806180325581,0.7216793593633054,0.7002822124808058,0.7597676630835695,0.7516361424108042,0.8116000211455429,0.5855039525230998,0.59290779660397,0.8716423574663646,0.9920708149624616,0.8380274214143217,0.7313737228271642,0.6897074656319115,0.6956511036249923,0.9129194008887141,0.6909428539934391,0.8435284111521041,0.9215324273893776,0.7148150903913577,0.8373377893757956,0.917836076769149,0.9798420074697846,0.7926141606971745,0.9457401075291786,0.6382074507166973,0.7050325898035492,0.696459077444489,0.958089097039817,0.7634169474183701,0.7915509241053328,0.8015893951337065,0.97051396203367,0.9305004618911507,0.8898876122992124,0.866609462881324,0.9463234390338515,0.9058339509522314,0.7215760602625299,0.8620396744102862,0.9165599788728243,0.8188512892132249,0.9376008477729708,0.8653968810171111,0.900773462621802,0.8347572785577092,0.9582273527056245,0.8067404414908825,0.8540976667257534,0.9083616967350173,0.9830459674964863,0.8997475920202215,0.968589390478298,0.97252476262952,0.9331882633488046,0.9372169289195748,0.7854774295087171,0.9176551890479419,0.8480381835371783,0.761922802385994,0.8037681670011195,0.7748477951873174,0.8349389464584923,0.8116939859417813,0.7323993587226603,0.7906780774953948,0.8248718678828983,0.8123880050724092,0.8182654836872241,0.8456231366340462,0.9414844234948986,0.7306614418270303,0.9683227569824355,0.878877549274112
18,0.9040030350242101,0.9991771410101654,0.9653332158392792,0.9040765406241188,0.9934984599067449,0.9024745558279451,0.7414914542962032,0.9709474881621544,0.7922086926049505,1.0,0.8596836368178095,0.9174920470263004,0.7903434573062986,0.9531061709378928,0.8803726695701017,0.9312634692199753,0.9210935287143307,0.949303363871643,0.9629842063045796,0.8346044684698556,0.9153340539329801,0.7912433306036656,0.8273364199433393,0.7663845802273767,0.8115250308753585,0.6915049979585156,0.8952449608086264,0.737679352079614,0.8972043167182517,0.7947208644683832,0.6851814183091213,0.9081951412435171,0.764539834496566,0.7279845984033043,0.8687784848745982,0.7444657684743677,0.666087863347435,0.7721974812470228,0.6920290723134106,0.9340701079742351,0.9005381800619914,0.8074765567816445,0.7855868498974258,0.8521959446093325,0.7084508043396868,0.742088183520875,0.748058682467647,0.7152263207993891,0.6718382603678515,0.8417504052981406,0.731703580996327,0.8326714885920452,0.8317780586471295,0.9741775616037204,0.860726232386897,0.9008647363234583,0.8554361136354314,0.9907504708140064,0.8799801094399757,0.9294319399303601,0.9774983897031172,0.9186572083345198,0.9779800243365271,0.8692726313835902,0.95875918646755,0.8978602725658607,0.9616046855003569,0.960653162999738,0.9388160112290023,0.877407863806447,0.9426597191301745,0.8277045959901367,0.9017764991988683,0.9244278411578574,0.9038929595373053,0.918785181585157,0.8712877174174699,0.9126740207234549,0.9542124615739298,0.9006647959041719,0.860418132587436,0.9232785493457775,0.9212781660541091,0.8568014247815688,0.830276755069158,0.8414227293791237,0.8712085433000752,0.8751988786845456,0.9168631749820835,0.9177487424585881,0.9781637260937546,0.9025375472272054,0.9739472689584852
19,0.9328818810840454,0.8555000119547147,0.9573381383831892,0.9514471772184429,0.9046988202688949,0.9942640159371098,0.8670871378766074,0.9461524521577718,0.9863381567251838,0.8596836368178095,0.9999999999999999,0.9481451985904725,0.973404245139134,0.8479684971851832,0.9858519779931597,0.9703229509833166,0.9701838460301626,0.8267153326137132,0.964846510644813,0.9097676344149171,0.9322220023809793,0.7889487064241206,0.7867060312786086,0.81610944340606,0.8169042587183117,0.8461097932167555,0.6928024898318902,0.6871612310858182,0.9191563167154149,0.9918417449231016,0.8568921404405647,0.8101422976095263,0.7541296266525505,0.7610700146321295,0.9542919642574113,0.7503355873744498,0.8595129710210779,0.9357184616621428,0.8002339771304297,0.9147015652543846,0.9571715569621744,0.990722189885215,0.8586483809784755,0.9644643402045177,0.735586885639329,0.7999809035873272,0.7901938417929194,0.9637320763601237,0.8290742838663171,0.8774428058188767,0.8696183709345101,0.975757329054338,0.9709548000022339,0.9454539118828695,0.9321651367281353,0.985935322732412,0.9580317413713055,0.8017107417532419,0.9260613187858325,0.9593323629218701,0.8874597372031543,0.9598063840695621,0.9195213144426303,0.9398948491561709,0.8865429216605898,0.9696539881543157,0.8636602026234781,0.9136579228622728,0.9521806866374254,0.9985421221562034,0.9373974488553611,0.9688233635271829,0.9868777294436416,0.976644898583344,0.9722414483501146,0.859304022451188,0.9568471207646025,0.9227125123889414,0.8561177781103042,0.8899002575957182,0.86624754210853,0.9133413289140448,0.895206257156682,0.8328888098084877,0.8748841043092339,0.9014824775846372,0.8935389748818645,0.9000431505319783,0.9208379123532354,0.9833785730840536,0.8104687057703565,0.9766813042150063,0.9400497711723316
2,0.9983295750222112,0.9244736158239197,0.9812257355277767,0.9975572047432728,0.9403709489661403,0.9741671317359958,0.9216858782363642,0.9820378409587258,0.8833657623729387,0.9174920470263004,0.9481451985904725,1.0000000000000002,0.9488721276859611,0.9635748480261944,0.9713377725212811,0.9939168434634965,0.971692333962846,0.9245470596801504,0.9628077463762026,0.9639985267236719,0.9718711699608322,0.878416124376301,0.9086779143894017,0.8829965399610402,0.8987691649925696,0.8688646928575264,0.8549457147180552,0.8366561933168103,0.9512948276921436,0.9124064424860736,0.8492172191988543,0.9117891246844031,0.8432294496086907,0.8517918436170425,0.9698769205314498,0.8312494122366099,0.8456872082952327,0.9058122995604784,0.9078313031434476,0.9943848477939219,0.946762683898405,0.9392670294342498,0.9352053868666602,0.9361662227899583,0.8813257534276585,0.9251845838793634,0.9204112195020792,0.9048031517370848,0.9033940062494435,0.9759026323073188,0.9397929430757507,0.9001283736011118,0.9706315993379667,0.9777623098663324,0.9908330638499251,0.9870510234595197,0.9887263035959444,0.8916189070352107,0.9857493217838544,0.9731578941347757,0.954016061264737,0.93384353821857,0.9545522246150595,0.9543903318605156,0.9244143819790194,0.921383781736391,0.913174136668803,0.9629732980759151,0.9684390991866428,0.9514180654493473,0.9435279761289936,0.9031824348181026,0.939842746416337,0.9870808320465266,0.9707569258833132,0.9458152938432545,0.9679387683409596,0.9901644911164034,0.9680220458466211,0.9824934837051251,0.9733445613199961,0.9950984524664532,0.9801264612181227,0.9627573499772787,0.9653856693091364,0.9826318791334903,0.9743257704604367,0.9880963157115895,0.9890156089347882,0.9882178651426924,0.904031970622165,0.918587634578304,0.9818270548436684
20,0.9414102058324675,0.7928269628512536,0.9163822781833026,0.9623999369545582,0.8346024501462969,0.9678222890732271,0.9493052611823543,0.9064630579755174,0.9458567900792458,0.7903434573062986,0.973404245139134,0.9488721276859611,1.0000000000000002,0.8445737772932158,0.9843612107866477,0.9493054517211263,0.9589701729229183,0.7690084854020429,0.9145020197196766,0.9092010728437889,0.8938405476650791,0.7602117178865443,0.776275332036707,0.7941399583332613,0.7883121321110377,0.842909868450326,0.6504296938684614,0.6888045779613663,0.8704756706441545,0.9779170649813537,0.8350952558089564,0.7580872690453394,0.7163990450343027,0.7482503930572064,0.9302739944309726,0.7118621002236346,0.8455691348676854,0.9036856353468588,0.8902925868471429,0.9106192169553184,0.9510834405210191,0.9762139219139555,0.8703269318422033,0.9157954536088354,0.7904855264560213,0.8787706994347595,0.8478720281919766,0.9800123081729035,0.8981405220802362,0.9243698490642969,0.9361288541154223,0.9563352492861067,0.9959224434249155,0.9012075519972472,0.952200951612669,0.9696480081341543,0.9706000941521318,0.7277309735544575,0.9239281630369998,0.9126267747618144,0.8296431909927956,0.885553668273177,0.8533773074879011,0.901893452698551,0.8046963815801484,0.8949395751194763,0.7787858008990479,0.8579152733160494,0.8990322091679797,0.9624498590988056,0.8643594125668603,0.9076696651097362,0.9276313399930294,0.9472918288747133,0.931680344838915,0.8176211832921649,0.9290757323057454,0.9409346525603487,0.851280558308288,0.9186887778396419,0.9118176790576823,0.9165412577417462,0.9141698611611835,0.8763834814682189,0.9329253555369202,0.9394553442693339,0.9356586398969398,0.9323629582468904,0.9375734196724009,0.9617338501347378,0.7382367884931903,0.9031595193679138,0.9059097277275048
21,0.964353391602444,0.9634860216444833,0.9531178105786335,0.9573397529756493,0.9464662414185802,0.8986526719791129,0.8690674597482761,0.9629639456904573,0.7518351335952939,0.9531061709378928,0.8479684971851832,0.9635748480261944,0.8445737772932158,1.0000000000000002,0.8998875926311212,0.9460774716662651,0.9282931898016802,0.9454288530405812,0.9289956811063652,0.8967236961263367,0.9249102185306766,0.8381918572076351,0.8966940900034824,0.81747666585883,0.8552708807442725,0.7550829038633237,0.9227190102441246,0.831927379258496,0.8968569629646678,0.7885461363766304,0.7206321056306901,0.9187383487859697,0.8034044514875163,0.7970555441848902,0.8913589640657437,0.782165055105074,0.7087006459366355,0.7818725712039838,0.858626979650114,0.9818009108469135,0.9042943583505146,0.8174547850332575,0.8711820362657351,0.8361928105865566,0.8565780150837209,0.8986328938550981,0.8908798858597287,0.7593597926273216,0.8173436075104594,0.9518565049310327,0.8659900110740492,0.808208448239647,0.8887028454497629,0.9595341050828515,0.9368575214716199,0.916754351867836,0.9164006041135638,0.9493556910133845,0.9355418959672265,0.9189080878709346,0.9605766088274335,0.8658197531324371,0.942827108084425,0.8779799900720846,0.9121490329141997,0.8381019812870594,0.9135260098668518,0.9461820432632861,0.9208900536652792,0.8573423098220674,0.8993567820767903,0.7858575194864114,0.856326248870049,0.9288233824700189,0.8981656373445254,0.9366174385130175,0.8882975287580666,0.9739353992718888,0.9997900559110832,0.9802401411181013,0.9663355775084156,0.9799647871508979,0.9842169182339187,0.9689058359240653,0.9438302126924182,0.9412863477029871,0.9606587181423347,0.9652413517058984,0.9757915791057961,0.9268553235316779,0.9476303054076528,0.836816250207447,0.9706283563352067
22,0.9590105350651228,0.880320362728868,0.9653156213604349,0.9803886528255032,0.9115258598647977,0.9903476167348401,0.9280669732873116,0.9580298610082004,0.9510216386829232,0.8803726695701017,0.9858519779931597,0.9713377725212811,0.9843612107866477,0.8998875926311212,1.0000000000000002,0.9784583621710063,0.9933200991728655,0.8332145258484331,0.9688143828385543,0.9066988892751406,0.9230071861779585,0.7703630168289634,0.7933341292379945,0.7907875695031383,0.7996125712885286,0.8107541349645147,0.720134486389401,0.6944425970317727,0.8984250398488351,0.9750219028624546,0.8059314404765334,0.8084316662970651,0.727560947020784,0.7406972883914945,0.9389825222297913,0.7182084186985948,0.8093987754056785,0.8914127466609187,0.8523981219731711,0.9432833839392102,0.986394487664255,0.9684198497217466,0.8577773366261917,0.9276995862709304,0.7685511926551348,0.8567967416667902,0.8287064069799641,0.9452258723493977,0.8498573784499659,0.925624182490031,0.9011167191291728,0.9764262528968711,0.9912357651518666,0.955632644268564,0.9531502634682031,0.9872383443768856,0.9688079464402338,0.8240853874589605,0.9340793571742975,0.9469231255352459,0.8946861468795854,0.9279636657945068,0.9172253845205447,0.9159334969284775,0.870397069745452,0.9322558974098563,0.8504205257402664,0.9110646985378998,0.9392222033731038,0.9811682856740852,0.9147675183777462,0.9199523620201215,0.96064622167061,0.9750286649074632,0.9551046922653845,0.8596265339086316,0.939380881175185,0.967169190277566,0.9050667937306173,0.9437119016605896,0.9231252747371054,0.9444555592978798,0.9490615394492559,0.8904515181949098,0.9341073815205109,0.936611868151469,0.9511164818332963,0.9430338681963413,0.9661724570952263,0.9864850949045699,0.8235014944427365,0.943922770490915,0.959643949572291
23,0.9872584048431169,0.934074725822234,0.9932590219902885,0.9893364732564789,0.9588831601733848,0.9902508932100966,0.8893222556256448,0.9913623292463352,0.9194801381790534,0.9312634692199753,0.9703229509833166,0.9939168434634965,0.9493054517211263,0.9460774716662651,0.9784583621710063,1.0,0.9785929776131158,0.9275319614290581,0.9825653507993517,0.9581710214641348,0.9804195589222301,0.8744199002969871,0.8926853975587528,0.8813339125409454,0.8962248286975079,0.8699241119118046,0.8404971400387587,0.8114926396749891,0.9645012343656345,0.9358197665376594,0.8618462676921103,0.9124292587451274,0.842024439145704,0.8426406700810801,0.9786908630410962,0.8318578522604188,0.8570581173965912,0.9258619062884634,0.8632056676232017,0.9844046613573997,0.9541342650560063,0.9578035105236763,0.9212920999331123,0.9609644543501499,0.8404278212846675,0.8806606059357635,0.8816608084838449,0.9151771305440912,0.8719467594552222,0.946464402495521,0.9098695126280121,0.9241326511329473,0.9669310835667456,0.9891562077078114,0.9776009125610917,0.996019868106462,0.9832002362783798,0.9006160113159793,0.9792678803799503,0.98915834976124,0.9630357105657085,0.9658774110027359,0.9722070968876507,0.9677440436046738,0.9464204223841975,0.9578017642554776,0.9338085487150438,0.9748208582340175,0.9859283419527246,0.9756615953548398,0.9690301196329629,0.938875276408074,0.9712107724468155,0.9983164647919763,0.987846030315458,0.9462640928721832,0.9787686764573407,0.975411235346069,0.9517315551810515,0.9595987918429933,0.9425276460923052,0.9824737382843889,0.9616499988446088,0.9282266822784966,0.9338281006065497,0.9594326357064629,0.9495016022368901,0.9651992316356214,0.9745568864343055,0.998086456910684,0.9120289861720354,0.9563982468482902,0.9882189649215343
24,0.9575736060551929,0.9206668334231825,0.977151447120814,0.9794375703123367,0.9403923963086093,0.9831727065536546,0.9136488644450237,0.9725757397845649,0.9261938993838785,0.9210935287143307,0.9701838460301626,0.971692333962846,0.9589701729229183,0.9282931898016802,0.9933200991728655,0.9785929776131158,1.0,0.8562959619506827,0.9826006129542059,0.8870301261688216,0.9197858365152489,0.7567706379957042,0.7899080097032679,0.7671571113234565,0.7864345346417846,0.7673001867052632,0.7541542829905877,0.6865433624151672,0.8919782294763708,0.9498896560936806,0.7601957202183391,0.8218334763124121,0.713321792013273,0.7169405230015876,0.9219325776788138,0.6998962852353862,0.759729261886322,0.8554884793488046,0.8276393777439358,0.9515707464705222,0.9953068552548497,0.9392298332598512,0.8338496696879959,0.9070640184900363,0.7498284617771177,0.8424467334450357,0.8118172371728843,0.9017711909269922,0.8109198794442655,0.9211270341426957,0.8716491009662258,0.9691425241251566,0.9745449451202404,0.9714363998004012,0.9408107866602115,0.9786631494961481,0.9518608956435856,0.8700916985126925,0.9241063016404336,0.9453226275824935,0.9171661886653287,0.9263154640664877,0.9360304054188388,0.9001884669541077,0.8876154797330323,0.9260716644853628,0.8722539067081151,0.92373798319479,0.9410580509648223,0.9684118083976923,0.9204855214039463,0.8964592594889363,0.9543016791774301,0.9718531723382039,0.9457699636771274,0.8676783028785965,0.9226811925881625,0.9753276180380873,0.9317078339561123,0.9541053966677772,0.9267840092735065,0.9506216513777505,0.9650727073756022,0.89658453164638,0.9322345986045482,0.9261043093644774,0.9567528900954885,0.9422988666804542,0.9759519751748765,0.9825587139910107,0.8606761154312869,0.9406860951267892,0.977426273272748
249,0.9262876564542385,0.956257449576625,0.9420147665561432,0.8975898082050712,0.9573977920958849,0.8771482968003768,0.7210284318877263,0.9515131904310133,0.7467565799235426,0.949303363871643,0.8267153326137132,0.9245470596801504,0.7690084854020429,0.9454288530405812,0.8332145258484331,0.9275319614290581,0.8562959619506827,0.9999999999999998,0.9111580880840335,0.9207236508994298,0.9642372803193769,0.9353700555089911,0.9539217241982072,0.9107752224845788,0.9432497050855629,0.8324015168411374,0.9746110758261661,0.9060982632221368,0.9607308121732832,0.7494488905759465,0.8173598451666495,0.9933630749702897,0.9223491284521105,0.8946819400411835,0.9218981840711757,0.9082023510419154,0.7963963547424135,0.8487203488582633,0.7681804200595044,0.9530410358528417,0.8084103647519055,0.8113601336238823,0.9035827287153435,0.8917492838666747,0.8507270634871041,0.8140331431070781,0.8588595430820086,0.7297419374030272,0.7805873389353943,0.8761375205117327,0.8016140509096378,0.7341591714246465,0.8099926831811137,0.9508824914148339,0.9018567028497836,0.8955772162427413,0.886245615947022,0.9679179973923844,0.9383052661463555,0.9488806561370734,0.9893646913972308,0.9203527683968719,0.972450092076941,0.93242353102266,0.9814101386643312,0.8890603713503132,0.986149323855608,0.9835611043580944,0.9561714559282962,0.850033399204339,0.9562704012274109,0.8459811415908564,0.8771895265881803,0.9255816794268761,0.9254983686038978,0.9910153907887684,0.9216732441718916,0.8925612685383095,0.949587491179889,0.8930710686289544,0.8777496725976751,0.9445698085418653,0.8944849971780856,0.8967602003159809,0.8335588605641855,0.8851601590498115,0.8518733675136722,0.8980680369302209,0.8934743425325534,0.9060826743208942,0.9893700842832944,0.8695040260125072,0.9441632775098807
25,0.9465667762809088,0.9596338195173956,0.9946682982807641,0.9589090357110444,0.9822844198954351,0.9826697255174739,0.8331750921691536,0.9912249028723956,0.9248561545616764,0.9629842063045796,0.964846510644813,0.9628077463762026,0.9145020197196766,0.9289956811063652,0.9688143828385543,0.9825653507993517,0.9826006129542059,0.9111580880840335,1.0,0.8939542822239668,0.9499434428106678,0.803355922283,0.8217134304503929,0.8051596434228262,0.8294308761662925,0.7835469157760019,0.8104807927343722,0.7202063155765751,0.9327132005960457,0.9288283927360036,0.7869626084078748,0.8786787420711873,0.7703694598217297,0.7547086049482911,0.9377420920657469,0.7577553208726244,0.7788523241731112,0.877358439111439,0.7644729411442338,0.9524429489967856,0.9677058288311137,0.9303942946638276,0.8393862341143512,0.9361381902392609,0.7330274511158191,0.7899631774587248,0.7845669684753259,0.868563982509981,0.7669083773252693,0.8845827350867927,0.8218688681315833,0.9440571710261009,0.9340971501843396,0.9928469876478674,0.9227036876414643,0.9756412662664983,0.9346842479800741,0.9252590804262457,0.9278242074590635,0.9739992965988004,0.9608643711666491,0.9705661012040987,0.9796471230369521,0.9295990015781027,0.9501896725857162,0.9662318436747163,0.9393645291168325,0.9652883227002313,0.9751607821492386,0.9725725557289336,0.9697344847946957,0.9280604797481401,0.978578112379212,0.9821097237833049,0.9677565801230311,0.9110787052955361,0.9406206669028725,0.9491512385748753,0.9336119104413392,0.9245797028031065,0.8895341002913585,0.9460417514681921,0.9394914693424846,0.8681083787704704,0.8800745164385222,0.8963973845670404,0.9126127161676615,0.9144739566327988,0.950560568707175,0.9833714133642273,0.9206009561536422,0.9743970775751954,0.9903608059096508
250,0.971615893292102,0.8446825106706869,0.929401622997921,0.9503204603498374,0.8766630487311694,0.932643638523047,0.8562933700606101,0.930087204695142,0.8514711817218278,0.8346044684698556,0.9097676344149171,0.9639985267236719,0.9092010728437889,0.8967236961263367,0.9066988892751406,0.9581710214641348,0.8870301261688216,0.9207236508994298,0.8939542822239668,1.0,0.9809122722818574,0.9609073331928948,0.9635856362247046,0.9717751597978274,0.971701664096283,0.9665309277567914,0.8589528275283999,0.9224548716033432,0.9770839975277501,0.8710755678713619,0.9497964252691427,0.938020126780856,0.9398153197005545,0.9539575645457221,0.9888639524055161,0.9359939450722018,0.9459235276851822,0.9617056693088218,0.9141854228097651,0.9614750454436659,0.8411600066959731,0.9335462445640678,0.993424914413332,0.9584455628722289,0.9395644959552933,0.9228693452362711,0.9534487604810816,0.9096701742994449,0.9506924284950259,0.9483186747503886,0.9523180284676742,0.8101589316149097,0.9229476108329525,0.9238056081858397,0.9825801104776759,0.9563676285612814,0.9799476791318267,0.8255512009890877,0.9944824562689606,0.9636727661382933,0.9234328715637271,0.9230078021606197,0.9180684196140289,0.9841963565960447,0.9145548897632403,0.9079794815405302,0.9021195721564984,0.9470838097606104,0.9569245805576284,0.9172990952187564,0.9336862795993811,0.9189603974214177,0.9101757966562918,0.9604125079722632,0.9673656770906964,0.9631270238962617,0.9860902592856386,0.9239805752866745,0.9050087647916262,0.9197063125716611,0.927928326629231,0.9631452232482351,0.9029633489521518,0.9315685144618998,0.9114607550308544,0.9690707406276025,0.903655167852414,0.9538459994087677,0.9197859495156506,0.9510060039505875,0.8672690490633516,0.886111152062034,0.9183762414569661
251,0.9709122862513119,0.9198826176468728,0.9732584155856705,0.9544887723306278,0.9485518050718234,0.9582905662477533,0.8149755119117225,0.97390113484266,0.8787806180325581,0.9153340539329801,0.9322220023809793,0.9718711699608322,0.8938405476650791,0.9249102185306766,0.9230071861779585,0.9804195589222301,0.9197858365152489,0.9642372803193769,0.9499434428106678,0.9809122722818574,1.0,0.9481829506080907,0.9499698058493817,0.9497468054724152,0.9618961776202741,0.9236832610061892,0.8931064531430021,0.8901761713254652,0.9970070110007999,0.8834262978303522,0.9178609545439727,0.9657720380594639,0.9286463585461152,0.9217405972167662,0.9913999223044465,0.9216813435610419,0.9077575651345148,0.9530261476394799,0.8425646728646471,0.9738530988365095,0.8776781356509067,0.934046848800517,0.9581793227719053,0.9754857840058501,0.8771172478664033,0.8643324451776397,0.8973494596385433,0.8824384375316732,0.8764140089470652,0.9214803616404533,0.8930694262445861,0.8462953503159076,0.9135444091372253,0.9716461291422676,0.965436582738676,0.9714575215483712,0.9666519168622484,0.9057371597357834,0.9875490591635414,0.9944963621140126,0.9750437260538241,0.9727178877191454,0.9760189230714508,0.9931225072105423,0.9743783552135732,0.9575477988143295,0.9656666043196667,0.9899724835835146,0.9936556344513668,0.9455807077610711,0.9843298731223695,0.9456255801302695,0.9543625566474809,0.9844965370111177,0.9900309178544487,0.9851140451473808,0.9914919935406059,0.9317554336898903,0.9324590400743242,0.9200373647211463,0.9098207319848249,0.9697706782944481,0.9158855502609573,0.9111721257805312,0.8861313691314524,0.9421493222473515,0.8962166753708676,0.9398370352082736,0.9299551972052885,0.972996650631642,0.9346952313952467,0.9416244936674365,0.9629615907939462
252,0.8930695772623097,0.8035373349423303,0.8542681960528777,0.8468862814732988,0.8294975656299912,0.8261788976423302,0.6965918048611395,0.8608468390531645,0.7216793593633054,0.7912433306036656,0.7889487064241206,0.878416124376301,0.7602117178865443,0.8381918572076351,0.7703630168289634,0.8744199002969871,0.7567706379957042,0.9353700555089911,0.803355922283,0.9609073331928948,0.9481829506080907,1.0,0.988448120698651,0.9951240569059313,0.9988622912655356,0.9548593365110356,0.9100449214093451,0.9779614890356346,0.9597490337618065,0.7253675234601585,0.9388941262188877,0.9684584971575714,0.997344259324545,0.9944068774528256,0.9359944960281879,0.995043397318537,0.9251153917456859,0.9154691834286339,0.8211122262685555,0.8985183553042317,0.690247557419403,0.8223405995590266,0.9727618918186157,0.904913063326097,0.9295182531459435,0.8428532464658431,0.9140400334183648,0.7781373082059759,0.8786628251873577,0.8594970902329022,0.8568571693590918,0.6449346118575743,0.7829782528791214,0.8554571735654545,0.9017498965093268,0.858998486882647,0.8886262373237064,0.8168676267585644,0.9424414435876782,0.9119473526079837,0.9018235044222261,0.8733185059064991,0.8812930840851125,0.9496929882464251,0.9101775027091166,0.8452478213498572,0.9074824230212236,0.9210407699916173,0.9112071789891425,0.8091244582357577,0.9015728548580222,0.853084272034451,0.824597504844193,0.8814847426540743,0.905250465356415,0.967885864189629,0.9333525780803404,0.8172127109675497,0.847212884887558,0.8217759348513797,0.8354996038567534,0.8959293255183025,0.8006588947061292,0.8633002327294903,0.7950069631375133,0.8846249238104379,0.784193962657466,0.8659077445150639,0.8130536739923423,0.8564210907415326,0.8746540235481522,0.8061218863906112,0.841609722542789
