,1,10,11,12,13,14,15,16,17,18,19,2,20,21,22,23,24,249,25,250,251,252,253,254,255,256,257,258,259,26,260,261,262,263,264,265,266,267,268,269,27,270,271,272,273,274,275,276,277,278,279,28,29,3,30,31,4,5,559,560,561,562,563,564,565,566,567,568,569,570,571,572,573,574,575,576,577,578,579,580,581,582,583,584,585,586,587,588,589,6,7,8,9
1,1.0,0.2209218141724148,0.27922316312045165,0.2866341969936291,0.1565836532208978,0.2424863682757167,0.2313700556015453,0.19178395662904682,0.21428721251635824,0.16322770398784944,0.27362962110383243,0.25449567191589556,0.25724819665056564,0.1742440053755266,0.2407467347966036,0.2506984361350352,0.27081065825076334,0.17624646393115667,0.2195912997626679,0.2714129340900806,0.19139763928615305,0.20363792224083266,0.21924919868589496,0.21012383593969144,0.21691921023402944,0.21714473023439135,0.1879708871206917,0.21107573908016947,0.22266661271211646,0.26009238421560943,0.2161463337205653,0.17619620047797122,0.23452234190805768,0.19990392049453032,0.1834311514776193,0.2200227413810576,0.20464010251322778,0.21796177348808868,0.23651757385235603,0.1833050769355618,0.2653378933336589,0.22605331914341226,0.19311963987248973,0.2333130558423,0.21505605435851943,0.22188776296376062,0.23140238954371517,0.21603670092483665,0.24149124979913514,0.2252866046861337,0.23393710857502742,0.2661914461086461,0.2413085120624184,0.24080747234276378,0.26478233495456643,0.23509705466377104,0.27769557078076745,0.21049480081316396,0.24133834215081235,0.179709816506944,0.1678859890552506,0.19553464507230048,0.18796912834099094,0.2405232075439221,0.20024556208760122,0.22015937725042783,0.2101192794319795,0.19891487812367056,0.21537921758683326,0.2257261851260685,0.2205351285595299,0.2350694079001686,0.21364945523245593,0.19896905043336546,0.22399589126922273,0.2121063168126538,0.2693647231507164,0.2145183124045765,0.157222481970604,0.20810025345534217,0.23519877894230276,0.21568358902979884,0.20493740570958535,0.21367975916799803,0.22281453621304498,0.22187693125451693,0.2196148398176634,0.19452126908910722,0.19766012496387636,0.2436048849628128,0.25158908627885906,0.2177846701946832,0.23773320915477703
10,0.2209218141724148,1.0,0.185041641307148,0.22120520137762312,0.2299822515454797,0.2068952624021426,0.16156542336740745,0.1624128300512196,0.20366830140938275,0.22766338678075254,0.22399480221482318,0.15670652067313626,0.21427660741391458,0.24644324358088848,0.2100808312707282,0.23050369882449254,0.25551297869503564,0.1672528633692562,0.19582597033348031,0.20032294123824057,0.19031599680453404,0.1795320896258732,0.1664629750898108,0.14146445369375882,0.1642056314392108,0.15516748685625883,0.1611986557361917,0.16433705639645577,0.23980078319004933,0.20107945789787438,0.1860285322727817,0.142634695619907,0.18003640841819393,0.15138139048934654,0.12569719855840433,0.17763299627504966,0.14355537486245074,0.1419659449660903,0.18273155181594633,0.2090187425775885,0.1889409697856317,0.18985516238825434,0.15441744950487324,0.1681048236442606,0.16602242724463223,0.17244255296312105,0.18486717049198637,0.17107928927804056,0.15590087811820363,0.1936687411633547,0.16672885059938697,0.20151888664969028,0.20131625249939616,0.1805438921260592,0.21267194573906503,0.21520592767719665,0.2128776986372125,0.23906288493526268,0.190964018523547,0.24604752809517913,0.23657607328342686,0.25468770500399956,0.29198596046727676,0.22899658628856617,0.23716189278557823,0.27825005703855116,0.2771873269708686,0.2691352356950299,0.2532065356334331,0.16380619161441706,0.2956011019869448,0.18566123865097733,0.18795963112141792,0.17339092486341268,0.2063267574164751,0.17716208601893182,0.1868360704083679,0.21448678926871398,0.18562351920556033,0.2314103999295678,0.24847130151764948,0.22967791280066585,0.23612815278602578,0.21361325452104882,0.2317406091034341,0.21403884146713778,0.19851426015961077,0.2210527989494854,0.22567147107780094,0.1521290026058031,0.18580626611901016,0.2596227545385947,0.17178826894286447
11,0.27922316312045165,0.185041641307148,1.0,0.26636769963867624,0.15750593535884577,0.24266319813037734,0.22820142536545887,0.16499939426358454,0.24061385847160005,0.16887565971533186,0.2447525235717502,0.29032980290281823,0.26794839248902375,0.14632120291654466,0.24883513697962178,0.24807960323768935,0.2652019290770712,0.18390815358762413,0.23602167879366415,0.2255792075752711,0.17820281677356972,0.19185678165361564,0.19534983716406376,0.20388585613316348,0.18914365277338047,0.20741060375281412,0.1551006488390428,0.18722727545923412,0.2090330685793615,0.2584990436309417,0.19144350260965798,0.18919590886675322,0.2446448701341299,0.19868441875522813,0.1982572655214086,0.1997551128582411,0.21641879051355986,0.224515501589248,0.20791812005893026,0.16426931665693897,0.2624823859670025,0.22413934252786766,0.2018209953666931,0.24551940698659483,0.21121490217048308,0.21992185532371505,0.2087042324324293,0.21506052863387434,0.2287582942549137,0.2529059420042414,0.20583341966770874,0.2523998353172009,0.23326181212205688,0.21610431271548566,0.2292776344098776,0.24916115400385266,0.2956798017909449,0.20471747523111716,0.29038523970201524,0.16474391815615366,0.1617596089903492,0.18343102032259706,0.19058139858958018,0.19646036839174955,0.17190727471314451,0.231710256009184,0.20080895391096668,0.1875539500236278,0.20762621212094984,0.2224731765752132,0.2059280265764427,0.18754087908660927,0.20304078236176,0.24841304281051896,0.20134762307212228,0.20661180418406122,0.238285205988908,0.1929427816876072,0.1357813507846753,0.1745299601324842,0.22224906683133971,0.19748232066235655,0.17879172590175174,0.19728916711284553,0.19782651477050595,0.19395049233111708,0.19329838248340878,0.19311029870071184,0.17850970832664773,0.26217139557862235,0.20685530163989457,0.20774608099627684,0.18524419847557286
12,0.2866341969936291,0.22120520137762312,0.26636769963867624,1.0,0.1740856095802254,0.22931161934516514,0.26505468483328964,0.17681843596056068,0.2531218117586359,0.18704899949519194,0.2328029360425548,0.2505758495756245,0.2435551542963656,0.18568726671680272,0.2355391832366304,0.2501663863206507,0.27252926565022556,0.18021797335650072,0.21292628486045242,0.24478834393313859,0.1785361165867855,0.19695295892530634,0.20593976265947603,0.18734741475589425,0.21761823489181661,0.21247771376475422,0.1748530005682419,0.1854750206106922,0.20282685361014668,0.2573057757865569,0.18872120502443662,0.18370352210838795,0.24702155005060758,0.196212537977757,0.17725377571582496,0.19942751411511536,0.17220836785088584,0.21960103917146673,0.22865217203873653,0.18406882235860317,0.26887035370819995,0.20648500289444233,0.16081714892294446,0.24525475896739266,0.1990522864477607,0.22147176812041275,0.22102715223101366,0.2184834782058068,0.2290228638382344,0.22419922029917538,0.21788762773543474,0.24975893327874382,0.26120902713813265,0.2148749286411354,0.21789216665822844,0.23549247404001877,0.24522426677685666,0.21921747402025016,0.20681170955148814,0.1680690892267856,0.1587494304201952,0.18232745678834889,0.18982085201212504,0.22680444245273074,0.18448967889391418,0.22486931612695696,0.18846296883255761,0.2107637897625753,0.21237144298333996,0.19608920089476709,0.22049427442446215,0.19362912139532493,0.1961866845125841,0.21249732902375257,0.2146887060965791,0.20238212525749194,0.2065807603251931,0.22067249857715918,0.154661575533521,0.1983180546891296,0.22085259820275205,0.20167411013325315,0.21635810225807606,0.19512124365614553,0.20393729608873484,0.2320410678531375,0.21826339871842806,0.20945005732826188,0.20708933155264453,0.22337919783193985,0.21042729425254686,0.23582494425012576,0.22758986992358166
13,0.1565836532208978,0.2299822515454797,0.15750593535884577,0.1740856095802254,1.0,0.1346164209188722,0.14158320410418046,0.16312380830332934,0.13738640522271964,0.24030354167778278,0.1422714222774098,0.1378410791106422,0.14747449308305702,0.1802627043358965,0.16152296381754716,0.16460757529952835,0.16316065306582475,0.19523853996946422,0.15463857527746022,0.17455161810333414,0.18687508541290027,0.16108691006341527,0.12840060279177543,0.13577061263076998,0.1477379398766328,0.13514906609830138,0.159957210318372,0.13255523241927655,0.19543109049383164,0.14808373051435647,0.1293862633606131,0.17114845186130428,0.16887048708339208,0.19950684118093978,0.13219202630615887,0.16231292694452357,0.11956624964902254,0.12795131170371937,0.14829921484914996,0.15102507077535518,0.14494091942227874,0.1497536269927386,0.10752375803303556,0.1569537557169,0.139157682108134,0.16211677278984965,0.16987914483199557,0.13489232428858478,0.14022372200278282,0.15042922142183562,0.1525836596596904,0.15536649767170263,0.1482487947305858,0.15648850887301607,0.14218757421978162,0.1495729703956456,0.15593141309607286,0.1929836349945376,0.13387417417417627,0.20842120439046416,0.2447184226532781,0.17011347426130055,0.25220351972745003,0.19574467469731807,0.20845982106523678,0.22935930415244815,0.19308605751330296,0.22192809196656502,0.2083131427741451,0.1261084975770308,0.24912456074036377,0.13521536265759146,0.12214863173412618,0.1352197608830597,0.14164378004520556,0.1654251294138293,0.1404859734021649,0.15955187623465833,0.19018863076454684,0.17228423969645698,0.22281853014762937,0.1785455465694883,0.15599964662217697,0.13312629314275023,0.16523963767766853,0.1579363799239934,0.17032790631770295,0.18383836306619067,0.15679409129818137,0.1230790259957502,0.18411620712909166,0.20209177579783252,0.12776889609365175
14,0.2424863682757167,0.2068952624021426,0.24266319813037734,0.22931161934516514,0.1346164209188722,1.0,0.2931394120547686,0.15263283678005812,0.35828653758062223,0.15028518547235392,0.2994016307551132,0.22213057257140897,0.3232559844108932,0.14359451857750521,0.2878678294724658,0.3342125375457027,0.3522713585733529,0.15133059759177,0.2835248230351327,0.20027229461925913,0.17085825587612247,0.18694714246193217,0.23123603801965648,0.22816111639205872,0.19894726157748063,0.21437764872937026,0.16825909216121668,0.2126874903085742,0.17970641741926155,0.3440359115499593,0.22811452431153806,0.16931930932774228,0.25994296510385073,0.22559242028969467,0.16972433374724755,0.2635516441315057,0.20866004923488965,0.213329788395402,0.25381316332871995,0.17186578373702804,0.3068957560854521,0.28042372384041814,0.22280980389142407,0.239312387894871,0.26532559869686834,0.23304857251166008,0.26858131890923514,0.23172936409634967,0.23877829905798476,0.23889900975194295,0.22312906249370332,0.3299513044350134,0.343757239162752,0.1645181142784254,0.32347522277629864,0.3467434194692517,0.253607449068025,0.18208441319762841,0.24377113769439723,0.1921954246796053,0.17004362254650923,0.2242810524406325,0.1835314986186742,0.2112697792988155,0.19032295186006873,0.265670889626843,0.22049823697078966,0.21074350080753002,0.19779384273791997,0.2719413280474008,0.2230432745515134,0.2501981846211943,0.27162263773822126,0.24060583675127312,0.2699765898288513,0.24041686472971513,0.257170904586157,0.20276725418048938,0.1420707656510769,0.21098161157959447,0.20893325978507277,0.2147722059226273,0.24580599370143547,0.24331030475502446,0.2603132258740491,0.23756891612859024,0.2140441513621399,0.21912658029157858,0.20946446032045002,0.20831170676703553,0.17900148077751304,0.2891096139680719,0.1591498396948616
15,0.2313700556015453,0.16156542336740745,0.22820142536545887,0.26505468483328964,0.14158320410418046,0.2931394120547686,1.0,0.12440096711498863,0.3162409246390772,0.12681160929142282,0.24734661662521162,0.21984562820019077,0.27901709020200316,0.12205263221377494,0.27226318403817856,0.3044627436093442,0.26204082926638284,0.12688836945137064,0.23071070131665303,0.16492661742814252,0.1369819846075112,0.1586979296292312,0.21381966900827232,0.20222905134923871,0.1950284332932474,0.20003675007147467,0.13562613069066393,0.19227186897372933,0.15250356038015542,0.31783524762333615,0.1737965660832505,0.1326959848704114,0.24821080372206863,0.22807486828903775,0.18320806026187428,0.26063916506714696,0.1883377962237985,0.20037920013980332,0.2142325745520477,0.12491512498004216,0.3057122244634538,0.21081409232428533,0.1941930200561553,0.25495773284834483,0.22404079007952965,0.2519257346172235,0.23974545285366985,0.22360661927660708,0.19134714142570367,0.22267920065088348,0.18728296798607896,0.2734390333516434,0.24476139127661733,0.16010868056031247,0.2863851433343213,0.26414801729124754,0.23747263734301544,0.1334555517793769,0.20085178002368353,0.15846445868041678,0.10966061671612126,0.15114491802563496,0.13759885681031628,0.18347581974161967,0.1532602219510597,0.19943092340987062,0.16980111999213987,0.15632314542185335,0.14864212827152695,0.21437997670457393,0.16842554103168048,0.17938742463410434,0.1969481543092218,0.18124973216571588,0.20472641657732477,0.22217805005390207,0.1956819029828044,0.17797007738689374,0.10611647774826242,0.20259154316720762,0.2503735763141853,0.2103939311922288,0.21225531185610064,0.2231048818602898,0.2854021059597959,0.22035346574438153,0.2518718105006129,0.19303872733083383,0.19327229481332076,0.2122170474599558,0.13554556188701536,0.2443319336490656,0.15579195548837124
16,0.19178395662904682,0.1624128300512196,0.16499939426358454,0.17681843596056068,0.16312380830332934,0.15263283678005812,0.12440096711498863,1.0,0.1470910894693931,0.13648555757663888,0.1526369515297695,0.1397688207051806,0.1362326931001769,0.13702422112588547,0.15514505436567932,0.16445347117307194,0.15198535343783734,0.16822316634710738,0.1393495312979834,0.17080359304634757,0.1717838698407114,0.14656254725402848,0.1511885323806214,0.1305506344872379,0.15341477309626259,0.1319589559065216,0.14925120256114205,0.1439631845913683,0.15051604230205257,0.1437738730680056,0.15505680709151853,0.178022223971973,0.17199767356239665,0.15680797898189064,0.13168729608784316,0.14751594416402172,0.13206485389548106,0.13177997909058034,0.15332962599411165,0.14696687132672576,0.16009806187401993,0.13906805403160535,0.1312601735048557,0.14890226938100848,0.1458465397581655,0.15069109574459466,0.16007058416782377,0.15619623009130273,0.15384458648586063,0.1623112965948263,0.15313575050793304,0.14943621288040596,0.13683450416049872,0.23595011753616854,0.13587013922594393,0.14148261504495324,0.1576888845676072,0.16096790542356323,0.11936213033125727,0.15323813190126176,0.14815389132127837,0.1617506931077639,0.1627658215598609,0.18145942830732711,0.15389443741116765,0.1744877932960516,0.17811178544868086,0.17496903728672497,0.18963248634748106,0.12302099519703394,0.1788819312225376,0.14465407148635495,0.13138206676349967,0.15878140391615936,0.1476554948070437,0.17806508446875235,0.14933091430557432,0.1496028837847146,0.13472187669867436,0.16704452366168585,0.1807500342508001,0.15390180563207528,0.1423586433258232,0.16071947644295498,0.15273202117260049,0.14318056358603315,0.15287011766291733,0.14654351509395108,0.1322950165446648,0.12573562559948012,0.1699109849036388,0.16311263295346817,0.17316895711710725
17,0.21428721251635824,0.20366830140938275,0.24061385847160005,0.2531218117586359,0.13738640522271964,0.35828653758062223,0.3162409246390772,0.1470910894693931,1.0,0.14200540496790098,0.32285981809140585,0.20997401448172245,0.3405516986548721,0.13992184532529994,0.31121758267859295,0.29034345277983703,0.3283124099447766,0.13803922525286344,0.29980828092562983,0.18893083092092636,0.15052060013416235,0.19202759241520612,0.1928623355381085,0.18755378673169423,0.1835888902989578,0.23839684554189322,0.12841908865843585,0.18421603144753385,0.1771019679127735,0.3785205056462825,0.21159805109208912,0.13992690012050207,0.24233797781664218,0.191707202712152,0.16519826877220667,0.23445358680018588,0.1805744209330501,0.23967481759595186,0.22097777009451489,0.13772960813918228,0.33010384640689994,0.24538133530668294,0.19469170860579008,0.2499119954313235,0.219607765625876,0.24440902467534106,0.24668020687784878,0.23836772584925542,0.21677664681855413,0.2166492855085858,0.22354446634540293,0.33652279032502797,0.27677475299154103,0.15265117562786462,0.30042707082976483,0.32348120766198607,0.2090684761601314,0.18131195088385085,0.20776210529731962,0.16214239700397012,0.12480304634383588,0.1689883768222134,0.15851779463887555,0.20958095452655273,0.18022811304788064,0.24119226498640972,0.19940807879851463,0.2128364024412325,0.20884032562691193,0.2555432054240615,0.18677022789944359,0.22055289045315002,0.21757655248797825,0.22635708290687404,0.2653197769348068,0.21390767843900527,0.23120413615049537,0.19529698582045074,0.1011893725981218,0.1809586216791724,0.21916519266383938,0.18899408905976534,0.2177116102536202,0.24398788167932312,0.25378229186968254,0.21081568457408154,0.20242139213348515,0.1957292096219429,0.18782541850780446,0.18880918009969344,0.14084552905598682,0.2999113744789316,0.15869328491217666
18,0.16322770398784944,0.22766338678075254,0.16887565971533186,0.18704899949519194,0.24030354167778278,0.15028518547235392,0.12681160929142282,0.13648555757663888,0.14200540496790098,1.0,0.1445381955007129,0.1567534966299154,0.1787424173010327,0.22823169413546623,0.16670559054260756,0.18170195732764216,0.16361976229655747,0.19641657549515074,0.1647463341718564,0.17513923301245576,0.1801327888404788,0.17844427860303042,0.15509922139408014,0.15342072828335054,0.16571019515810886,0.16590679274171158,0.16821525809543134,0.14593317094097233,0.18618992549040486,0.1490911968500615,0.13847492642437503,0.1687936121469352,0.164489650523812,0.17470481233929777,0.14410049188242777,0.14172678122602445,0.123224586518015,0.15477937258410393,0.17185329988088976,0.1799646065338263,0.16436000403989748,0.1544996492101628,0.13716339369615765,0.17029238090822724,0.15659210372885993,0.17261026051765757,0.17105556681020423,0.16403639997925334,0.16090672999689154,0.1545691582479599,0.16721992914362013,0.17663832251193995,0.15740794034964947,0.16008980492411784,0.1614872118830828,0.15226236412015945,0.14881768258891756,0.23094152654489183,0.15239861184397235,0.17759323966420643,0.2180039096396138,0.16421247439830608,0.19376659631692542,0.15183894848914817,0.19790638399996235,0.1826055422507376,0.189838596176664,0.16440968594717353,0.1950873547331046,0.14101687988625464,0.23742160034292273,0.13935756251719777,0.13879920608232044,0.14656842258942432,0.15565821756625248,0.17221646808624838,0.16766590327769237,0.16141967417684183,0.15506568250004354,0.17224992949461448,0.18908170894428616,0.16712774858746446,0.15601835956818505,0.14054516871660003,0.16142331581825173,0.1666247257113136,0.16261035738498558,0.1552824124483539,0.1574794818536575,0.15126443326008812,0.20813299613009298,0.19775800169598817,0.1793222207793757
19,0.27362962110383243,0.22399480221482318,0.2447525235717502,0.2328029360425548,0.1422714222774098,0.2994016307551132,0.24734661662521162,0.1526369515297695,0.32285981809140585,0.1445381955007129,1.0,0.22684053672012877,0.3192253293854021,0.14250523508412619,0.28574372407012516,0.3058263556476926,0.313566811929994,0.140067407018436,0.30902048633139484,0.2422733090686826,0.20347343183965547,0.2107185200031323,0.1975126138314769,0.2130920268512432,0.1854743614352318,0.2271011578001981,0.14168713724004725,0.19106002352858958,0.21962926704740324,0.30666580551782346,0.2201444060039254,0.13662015324333607,0.22950441762318005,0.18634309596358575,0.16633255256881693,0.250436743136304,0.21189046095643857,0.23487410441658502,0.2198581421645482,0.18110765556068978,0.2717355034002857,0.25236852816622574,0.2179786507346717,0.23917735252068378,0.24450899097974296,0.229438094481756,0.23647162148848905,0.2340043114611293,0.22605339441987443,0.23322006416806276,0.24780786561209248,0.33245295959499127,0.3058516689626769,0.1898577005143766,0.3302711379929179,0.3146886827312938,0.2348568640342429,0.19954556668306123,0.22088245011232321,0.20136737915228084,0.16775442681611,0.22920259890093436,0.19455451071383495,0.2690498554828124,0.20438930829644467,0.265559375699168,0.2544991783966769,0.24788873786964433,0.2450251694731964,0.25638840565491544,0.2428622577785931,0.27731979178088595,0.2637024952064321,0.2740509335278897,0.28194085139169667,0.22927952921295777,0.26262075647261474,0.24678658084036398,0.1589735062147299,0.22107311692309853,0.24033447362967952,0.2313978792244611,0.25647070642854786,0.26261765561052364,0.25616162526518443,0.22771572333724416,0.23041950972766942,0.2116178253969186,0.21972934152327367,0.2361237645115104,0.1910744095624876,0.2780901052707707,0.16083036573528275
2,0.25449567191589556,0.15670652067313626,0.29032980290281823,0.2505758495756245,0.1378410791106422,0.22213057257140897,0.21984562820019077,0.1397688207051806,0.20997401448172245,0.1567534966299154,0.22684053672012877,1.0,0.2640996191509665,0.12774383857852384,0.2571230628553193,0.258696040607074,0.24943429168764936,0.13602938916558488,0.2336343580589638,0.208882468397188,0.16565161587670799,0.19099920093267367,0.20912855085220752,0.2238833637031786,0.2163761924483541,0.21950963195662085,0.1307404715957643,0.20556063876089561,0.16418349524374795,0.2661005635478416,0.19093278804651054,0.16412806519987846,0.20538737769925852,0.19305027174886952,0.23037958548188203,0.20299871881869852,0.23970210864277602,0.24877352162100302,0.2181315705183806,0.16121296934643298,0.241646623133924,0.22415720321894012,0.2170639314579803,0.28509975291650225,0.19624421353547258,0.21438538895433004,0.18429838121518538,0.19954483073505802,0.22494538189673366,0.2239215196059364,0.20692737751187246,0.23786317932609577,0.23679019602593376,0.18712963771465455,0.2625627251195265,0.2564815583845574,0.2782401500123691,0.171903667485532,0.3172792037532314,0.15128530799252832,0.14440502929693716,0.15761277880745336,0.15252576671883186,0.17775439922184194,0.1477796426861152,0.18249357814766737,0.17230018364708036,0.16430336136961238,0.1936280057517535,0.24139628094945817,0.16996432358297356,0.1870091919411402,0.21983843685672938,0.24109408084706957,0.2087827247616767,0.16196607475823427,0.25171695142259803,0.1590376506633771,0.11962639227792544,0.15787459454935257,0.2133566860837368,0.1768427812416329,0.1919998839999598,0.18041845269744372,0.2064832488730406,0.21250236083046864,0.20267026108770675,0.2025164017602265,0.1624200388587383,0.322830990144871,0.19495926409598427,0.19554643672839286,0.1805702653556936
20,0.25724819665056564,0.21427660741391458,0.26794839248902375,0.2435551542963656,0.14747449308305702,0.3232559844108932,0.27901709020200316,0.1362326931001769,0.3405516986548721,0.1787424173010327,0.3192253293854021,0.2640996191509665,1.0,0.16480371630224,0.38150525199659346,0.3569003394009561,0.3766386651019894,0.15262719880892073,0.3237967350411619,0.22473742706334426,0.18629738785138944,0.23315099630973837,0.18557195716622585,0.21206538511369252,0.1861124361548956,0.26723487760537384,0.1462865720086132,0.1924663143818534,0.21153136662086025,0.3749763179466491,0.21551198361403498,0.1539811227482027,0.25259858918099914,0.2001009720443454,0.170685788175326,0.2619917589553378,0.21724407108832838,0.26070473448364917,0.27231175048291884,0.1641286535957392,0.3286990519274691,0.28848836658132426,0.2227065088630263,0.2544325052539234,0.2453962699350182,0.2691125659842397,0.2828671575729247,0.2385950470409143,0.26585391257511837,0.24685040242116787,0.2695717479369417,0.34794337125591285,0.3559638238903801,0.1830146696171763,0.3403910295848317,0.3555920977434184,0.25414294453699443,0.21622771443114486,0.25416401528102145,0.20351253437176334,0.17282081281176573,0.19224669266107938,0.18579366580691087,0.24435840225538383,0.19703816331664528,0.27192797972442173,0.23021196600653457,0.23283407881489032,0.22303519246644532,0.2635677338805119,0.23529108731157322,0.25201203118078,0.2572532533316638,0.26121270590110235,0.25968406506846264,0.2231984780392323,0.2502310177948197,0.22577645493052434,0.16065749887620012,0.2342245930418692,0.28353850456858376,0.23498072434513523,0.22918495020265692,0.23798672063703155,0.26935818515002374,0.25755158471155204,0.23353974365143407,0.24141135957946344,0.21643951198886552,0.2514486871620908,0.17055001882064905,0.3292078045603478,0.1716582063630678
21,0.1742440053755266,0.24644324358088848,0.14632120291654466,0.18568726671680272,0.1802627043358965,0.14359451857750521,0.12205263221377494,0.13702422112588547,0.13992184532529994,0.22823169413546623,0.14250523508412619,0.12774383857852384,0.16480371630224,1.0,0.16529161713655469,0.16581936865306796,0.17711569412712785,0.13726386028403958,0.13401411922391127,0.18029202487525908,0.16287873246977916,0.1306234459760766,0.13684161209295764,0.13106602676901535,0.1454841742973236,0.1282937563750637,0.12922614101869626,0.12996651866435208,0.16942551335381192,0.15138237809525162,0.1186080561561429,0.13376140047803892,0.13564395099509835,0.12757191405528281,0.11738488884066509,0.1407150879974116,0.12056714329227036,0.13217829570327905,0.17288713199907618,0.18337021702680018,0.14274298398095953,0.1453816422874452,0.11182163723327576,0.14445315110702533,0.13684362093415867,0.1705565730801093,0.15488546968064187,0.16327382557014328,0.14515505302069498,0.15902894187893252,0.15974633821479287,0.15571818522570252,0.16061802729914354,0.15243928069451626,0.136409439722538,0.14359900169645679,0.161467902472962,0.22224260817867228,0.13680445030824076,0.1705732477045942,0.20823637918636367,0.1780526863750565,0.19834264055926595,0.16109768523667833,0.18732343984272548,0.17505269729287898,0.15650820659309325,0.1814902149715337,0.17891733865273432,0.12251973225504983,0.20734702145555328,0.13790425025381953,0.11668003733481551,0.13231846111045387,0.153883998575475,0.13404271189021508,0.13836041374991923,0.19057331667923777,0.15856582115766407,0.15903452331865264,0.17739641772774198,0.14783479989656972,0.13938600330093412,0.17391409930822455,0.16264780412676383,0.16237018705547457,0.1467612115706895,0.17763907538724327,0.15363721739257263,0.13252918394026486,0.16109525510972908,0.15772327182700857,0.13913957344241198
22,0.2407467347966036,0.2100808312707282,0.24883513697962178,0.2355391832366304,0.16152296381754716,0.2878678294724658,0.27226318403817856,0.15514505436567932,0.31121758267859295,0.16670559054260756,0.28574372407012516,0.2571230628553193,0.38150525199659346,0.16529161713655469,1.0,0.3372267469102544,0.35043802038601957,0.15610938610996913,0.30461750665064946,0.20304502405140495,0.16403088984731262,0.19505893928369256,0.20487356844624913,0.21431377849182645,0.18650472438506185,0.24264769694072616,0.15466299214786075,0.20600031950148287,0.19827601964925368,0.3761781797375575,0.19406541503445607,0.1630276987838338,0.25308029298014206,0.22780668909203222,0.17672485798483067,0.23875019869272496,0.1914235001604908,0.26301428618163547,0.2586448517465088,0.16719641200989424,0.3664940135581366,0.27525584303849787,0.18468381767799352,0.2605967887375205,0.23154165358627932,0.23987057602897305,0.22688160503472385,0.23929863747282193,0.23932649989433658,0.22926480949979636,0.25670561103621886,0.34631272114713746,0.3304636810723479,0.1752768929397884,0.29584777247307453,0.3332521514737185,0.2321912660692756,0.23018968953446786,0.26553831022807806,0.20948046083073885,0.1653624824984115,0.20636808391325517,0.17593564944569,0.2249080032988339,0.21051824446534004,0.24070766234498367,0.21275804452634955,0.22648975181018977,0.2192543021803984,0.2689917870930568,0.2465844679657347,0.237117711907647,0.2292660259016241,0.2373328306017644,0.2646188512293072,0.20969314683364787,0.23607027995276822,0.22275253681583135,0.1276338179509311,0.23410522336731274,0.2699170889131262,0.21945666038727635,0.23525747683236092,0.24113738109023924,0.2887064409445353,0.2252700613805679,0.2186248965737721,0.20399245895943344,0.20730270988791535,0.24444721410614437,0.17706010659677412,0.3039845213657497,0.17411412793620862
23,0.2506984361350352,0.23050369882449254,0.24807960323768935,0.2501663863206507,0.16460757529952835,0.3342125375457027,0.3044627436093442,0.16445347117307194,0.29034345277983703,0.18170195732764216,0.3058263556476926,0.258696040607074,0.3569003394009561,0.16581936865306796,0.3372267469102544,1.0,0.3337816913514634,0.15484455690954724,0.27138718017872676,0.20385975981892704,0.17145877519366956,0.19492619562183916,0.23404825143425995,0.22338986175344466,0.20958076628461017,0.2194435444124899,0.14563927888250522,0.19746751269135449,0.18931480552299074,0.310003578515346,0.19825232511742166,0.1609820676236529,0.268265879697454,0.23101475657986503,0.19538033935608387,0.26928478068097644,0.2281893812904038,0.2435374411651181,0.23847902959139394,0.15992159448545246,0.3085825544581594,0.25811368606653745,0.2449751452415026,0.25638880348665016,0.22940073192285607,0.24889408911007851,0.26163565583832915,0.23150518545881651,0.25354546282464996,0.27074147457403414,0.22776370608587726,0.28121758085438575,0.31535687996329587,0.20114072116132659,0.2979249824471338,0.3269027734441153,0.2615671286575201,0.19447424337066258,0.2329146558962342,0.22247621540593174,0.15318152911528796,0.20659611267851252,0.20431154568551796,0.23382031885796178,0.19985372087856076,0.23921266226524787,0.21187795561033412,0.20144601522202624,0.20340610510327087,0.24713702506716412,0.23260985335845757,0.24771422809949967,0.24126267885924083,0.2451023706992869,0.23441631865087403,0.22801069512324648,0.24948024440875666,0.24256312926974344,0.1338253928942068,0.25145741749393696,0.26958232651196096,0.26949420655638634,0.24664569859972446,0.2656713854752839,0.2763836155063789,0.24660799785406312,0.251241712815774,0.24965929188131292,0.25084454761496155,0.23169573445325872,0.17247067268695307,0.28289919374489136,0.19933963106686609
24,0.27081065825076334,0.25551297869503564,0.2652019290770712,0.27252926565022556,0.16316065306582475,0.3522713585733529,0.26204082926638284,0.15198535343783734,0.3283124099447766,0.16361976229655747,0.313566811929994,0.24943429168764936,0.3766386651019894,0.17711569412712785,0.35043802038601957,0.3337816913514634,1.0,0.1576084149111884,0.3100087368623206,0.22291656881135724,0.18030099313573086,0.22164899945955607,0.2131677481754659,0.1939910856982344,0.17789988857832842,0.23035820058533338,0.17983320353107546,0.19982776219123127,0.2282954660941759,0.33379843590675595,0.21318055997971497,0.1447178618779435,0.24932758183606168,0.20665241617963556,0.16628574737584217,0.2562491821448706,0.20018901614684434,0.2363522327353234,0.27474119663487634,0.17442874070970307,0.3344887797295633,0.2573854006024915,0.23109016070288843,0.23348582904929427,0.23986425437813344,0.24552884153162208,0.2590757941690879,0.24621040143115316,0.2599469826954208,0.2712914989882201,0.2715808671073535,0.3470801446191892,0.34831467696294477,0.18012577872696459,0.30229653806947604,0.3187216802840472,0.24148563673307075,0.2282436746357968,0.2164163113790336,0.19960964053221208,0.17570007019584008,0.22385339696091355,0.20375623492439207,0.23880285165989243,0.20320732263135394,0.298672410425607,0.25056714942471664,0.24739131293609154,0.24343453945418464,0.2396432958707606,0.2650095864225469,0.22254172696290606,0.2401289098826093,0.25791206195849625,0.26147738577506374,0.2644627155498367,0.24705567828991884,0.24919149568468651,0.15840718042342822,0.23779447905196394,0.2674597119687859,0.26934517975506767,0.268123889793936,0.27092388252839383,0.2772183883161731,0.2416692335760679,0.2219473982228502,0.228571455321727,0.21843086368429415,0.22799757848056798,0.17623052941576703,0.30924042787750283,0.16582223297413595
249,0.17624646393115667,0.1672528633692562,0.18390815358762413,0.18021797335650072,0.19523853996946422,0.15133059759177,0.12688836945137064,0.16822316634710738,0.13803922525286344,0.19641657549515074,0.140067407018436,0.13602938916558488,0.15262719880892073,0.13726386028403958,0.15610938610996913,0.15484455690954724,0.1576084149111884,1.0,0.15239794670576293,0.21798005896207057,0.21728461680845118,0.20517014245348256,0.15375569132933015,0.15604080272269738,0.21079696230646192,0.20272082111035683,0.22555736154787204,0.15692050650178463,0.20380535391188745,0.1399749512255719,0.15777648565539262,0.20356006032661664,0.19996858062141382,0.22581924468312012,0.1605049004175602,0.1926329094608074,0.14968691002384882,0.17606719129378234,0.1744910596717244,0.15191065493054595,0.13172114149076058,0.13882356246279265,0.14340030570609424,0.18848727992676256,0.1521943714302439,0.16985703556492132,0.23768075127505478,0.16293946993904115,0.16239925697762886,0.18516309031316877,0.16476516361553747,0.14110053118318144,0.15741447924761198,0.19839390235167312,0.14585405339530544,0.1709325063801,0.184991832008045,0.19360674332105882,0.12843004847538805,0.18302874164284674,0.1758215300203098,0.18229714040251851,0.19108851637010602,0.1813720400146893,0.1766345669637502,0.20729909528941876,0.1808976412085251,0.1955948039755524,0.18279795957932884,0.15443905587708207,0.19053951656899387,0.15981521810888855,0.15815789177611653,0.17026569803483407,0.18396010680114094,0.19423811153455894,0.17940674960910638,0.18880534890750017,0.1478840150847218,0.16178268772281218,0.18030670561890605,0.1591934748420511,0.13761638042301855,0.15788533728551093,0.14252873614872627,0.15537237055451364,0.14242893752407984,0.1660773290351286,0.15012578049960773,0.13493523774804167,0.18556039097952526,0.18127664148946124,0.18276558000863902
25,0.2195912997626679,0.19582597033348031,0.23602167879366415,0.21292628486045242,0.15463857527746022,0.2835248230351327,0.23071070131665303,0.1393495312979834,0.29980828092562983,0.1647463341718564,0.30902048633139484,0.2336343580589638,0.3237967350411619,0.13401411922391127,0.30461750665064946,0.27138718017872676,0.3100087368623206,0.15239794670576293,1.0,0.24517912145714554,0.18085075173569115,0.20504244102189279,0.21017064498832339,0.22492141952468092,0.1807572764970488,0.24061282556613373,0.1509677797776033,0.19348303603326558,0.1907139499542375,0.3053785902989653,0.23251884001345138,0.15430445640025164,0.2170551028422072,0.19590285646927316,0.17789770176487402,0.2446050471653444,0.23745641395364006,0.25274673112896984,0.19975012807731557,0.15656040159812448,0.29358608482555243,0.25171404000024766,0.21828016424874686,0.2470958344472009,0.24054183026936196,0.21205857408597426,0.22598802094326603,0.20857359909191403,0.21707990247139825,0.22436982822091395,0.2585816713740291,0.312528808966144,0.3064441605935223,0.16002735773691862,0.31397206990905324,0.3472809134944443,0.19997997150146885,0.18021936998307,0.2314893689492196,0.17558992393199074,0.14835928785290337,0.18159722088488817,0.16565984515932697,0.21164309553382407,0.16722939545029641,0.2488091073038497,0.20435540725838877,0.20577064968132533,0.1939970616972964,0.2711085305795594,0.19583892149250456,0.2995314660253624,0.27281096924300285,0.24530558124105709,0.27808720927680974,0.2084709616810966,0.25915165380938127,0.23754474509935428,0.14067437675791097,0.21284070569279612,0.2308972350013847,0.21144020985940354,0.21072083153696228,0.27769076707595614,0.2512647704975203,0.20205548324651584,0.22746431354033544,0.1999940705429046,0.20192409012490656,0.255187471498152,0.1582745628067022,0.2445296237676577,0.15321794746328027
250,0.2714129340900806,0.20032294123824057,0.2255792075752711,0.24478834393313859,0.17455161810333414,0.20027229461925913,0.16492661742814252,0.17080359304634757,0.18893083092092636,0.17513923301245576,0.2422733090686826,0.208882468397188,0.22473742706334426,0.18029202487525908,0.20304502405140495,0.20385975981892704,0.22291656881135724,0.21798005896207057,0.24517912145714554,1.0,0.23178817407047597,0.20116033298722275,0.20852365443289803,0.26798335473747525,0.27723467030929694,0.28796527387227605,0.18627479227570715,0.23076223435051837,0.21838446655751326,0.21258021993136814,0.2840923463879787,0.19546074628303783,0.1994682769422555,0.18401502970464173,0.19444131437934725,0.18747280657547266,0.23192063781032185,0.24490557381531888,0.21157996112895647,0.19380283314406793,0.1990394132134497,0.22145495558095343,0.23657521470410411,0.2226182352063637,0.23210133450022905,0.22031572405480987,0.22914272487991028,0.2069859298384323,0.24090881186465074,0.2635297739254995,0.2236675938052068,0.21349353457877637,0.2220765264468802,0.220339725139746,0.22786286299062586,0.2541375299463116,0.22770360737543408,0.20718880245720223,0.23562077184219113,0.17784576300453736,0.17191225772282176,0.22378528263660033,0.20990974050658914,0.281025382353286,0.20469320043585842,0.24665487985995674,0.20081793908441678,0.20888674687489334,0.2398944189938776,0.22269197889471962,0.21069565545945235,0.291523141975765,0.2605366796188303,0.24484643471814094,0.2689702060422639,0.19188831274053403,0.2374435315256278,0.2188390391177367,0.160143637269283,0.22950703484451157,0.22947694875299943,0.20692673980783574,0.20673177302942616,0.22541197971861723,0.20280886989140515,0.23795792064353175,0.21033295478108296,0.20369254117474397,0.21741932609407585,0.23294738276562693,0.20524816290928855,0.1831846307367104,0.1905738759695515
251,0.19139763928615305,0.19031599680453404,0.17820281677356972,0.1785361165867855,0.18687508541290027,0.17085825587612247,0.1369819846075112,0.1717838698407114,0.15052060013416235,0.1801327888404788,0.20347343183965547,0.16565161587670799,0.18629738785138944,0.16287873246977916,0.16403088984731262,0.17145877519366956,0.18030099313573086,0.21728461680845118,0.18085075173569115,0.23178817407047597,1.0,0.2206629015033851,0.1595268358801903,0.1793356298746615,0.190894755482792,0.1872855531969909,0.1879553014900236,0.16450134132778343,0.20794440838957212,0.16921462050401176,0.17554860037786804,0.1906208498440676,0.19907126808917122,0.18026028552127635,0.1410949473169711,0.18158885968456637,0.1477025603217093,0.17825509618293778,0.1601129231605266,0.15578348718382146,0.1521797979824077,0.18016370160157638,0.1504520514250419,0.1730324742974144,0.17807788060512367,0.18502573032160108,0.20623138349259654,0.17516645075755957,0.1583452292729826,0.18486805979567145,0.17830164358783912,0.17705625631440264,0.17331786661799886,0.1862590521515492,0.1816232562301979,0.20415817050715984,0.1664602780100576,0.18021778742059252,0.15440368790116704,0.24799820425900848,0.22212716392322635,0.20752371547319276,0.23287544903068952,0.22724718713403566,0.19160161567490014,0.22324734866869234,0.22033093242843577,0.2150344155746597,0.2229725243449338,0.17297466579813858,0.22094494472642018,0.20613254248488272,0.16189739654444246,0.18364228658284956,0.21979062939855484,0.19330987580484932,0.18056800294943492,0.19391761577846928,0.18366469652273423,0.20099410663217573,0.22383640247394027,0.1613340942635591,0.19501828544242578,0.17643710361167478,0.17748765578551423,0.1846294842704907,0.174497716024501,0.20677844006804538,0.17957577013841908,0.1590366800432692,0.1932744322967978,0.2015333664388273,0.14965240145404243
