,1,10,11,12,13,14,15,16,17,18,19,2,20,21,22,23,24,249,25,250,251,252,253,254,255,256,257,258,259,26,260,261,262,263,264,265,266,267,268,269,27,270,271,272,273,274,275,276,277,278,279,28,29,3,30,31,4,5,559,560,561,562,563,564,565,566,567,568,569,570,571,572,573,574,575,576,577,578,579,580,581,582,583,584,585,586,587,588,589,6,7,8,9
1,1.0000000000000002,0.37120463780539215,0.21063105712540642,0.47628384624203607,0.3901836163427764,-0.01830698157372282,-0.15797147003883438,0.3055781358450122,-0.509054012402057,0.5836488309695337,-0.5399996231219555,0.25755844201032413,-0.24290758904493193,0.46723597904810393,-0.2798370623380967,0.3391889789401924,-0.6241860460177014,0.4966707526847956,-0.4963333189122555,0.5914342401492645,0.597233139862976,0.5801310588759804,0.545343254013527,0.5288104633867416,0.8087334570414506,0.6504940807440412,0.27095192769850523,0.5685231945183877,0.6839126765711678,-0.23057075814204372,0.49805050957000896,0.6234376848097828,0.6714877881507947,0.5517405357420424,0.42307213206137395,0.4674160231300927,0.6107566078990805,0.6582413642602859,0.6626693945976763,0.6044175375563958,-0.7891672177142829,0.519420326630952,0.4584052852389283,0.6651345799562061,0.5314197359896268,0.7179335085418732,0.5720754432468852,-0.8211407035079159,0.7655485064667021,0.9973341027559586,0.5396964812966076,-0.028554775916502455,-0.200930110097254,0.24295257529826514,-0.7852891532512651,0.19981644522093003,0.7130288237717265,0.16897752739376184,0.6137315741253584,0.9113164391796663,0.58964854611912,0.741873375929652,-0.15989055561940527,0.4609173518904781,0.3930198597833144,0.6237011769711965,0.12801387333755027,0.3117221008789305,0.47474014121660485,-0.0784964013902794,0.6334469812863646,0.49327788952848506,0.3841633140927814,0.8484928748032791,0.11693663686255404,0.6997863453764447,0.4613205921855984,0.11669576216130423,0.5309778228802559,0.6073102044785917,-0.9540513639643579,0.47603609521393697,-0.9497586749925914,-0.7716020328308527,-0.6886008605885683,0.7239453494221257,0.657646852539807,0.6135987137590024,0.5744700991271714,0.6273651064185131,0.5879166293423125,-0.33194012606342277,0.2900128938520919
10,0.37120463780539215,1.0000000000000002,0.8913944944083988,0.8701165049618332,0.9949700902527412,-0.15427301429133766,-0.4337598802767166,0.9868290398773003,0.21295144060118526,0.7882096712475681,-0.5124182644039952,0.1513598730080979,-0.43961457408304405,0.8310449861649695,-0.42966528135223586,-0.6062736920336907,-0.586568625659311,0.7784516435125709,-0.7865308174092039,0.6507064475637806,0.8736845905842991,0.738854590012334,0.7171865364254836,0.7370938633708396,0.6158034842791246,0.7169597492192644,0.6403134712834622,0.7147594387745934,0.7479812256818249,-0.4195306063593097,0.7296062370076626,0.7681670278481247,0.5542016009215309,0.7307732241336246,0.8757480955496917,0.6571286435640364,0.6347990983542322,0.7197907786614188,0.84142483259489,0.8353634730053352,-0.6333784058587101,0.2276308506961511,0.6329249716805572,-0.36555368503408464,0.6126621466032438,0.41269485492527963,0.7584871584790291,-0.5998605932024615,0.5842543747602226,0.34779157996145993,0.8083395742301314,-0.6125047208459002,-0.33573748511118556,0.759629263887788,-0.3248756029984889,-0.3171329976829841,0.5683287407981186,0.7387979783318692,0.6868091196151431,0.711998435231988,0.9116402955540124,0.8248842999281872,0.4457016747427338,0.9640510256024806,0.7775451293938938,0.7495166261769795,0.912293503358276,0.9273963572434218,0.9636062083693807,0.16782284824502705,0.9087382510001513,0.8344275378732018,0.8215515797940753,0.6850411901484564,0.9054678739843329,0.7770212566738808,-0.1694315633093155,0.6073537240557538,0.7494466897904951,-0.18785827155185283,-0.6055707124650878,0.7643453128799939,-0.5937494467794651,-0.4860275241411773,-0.5806773573617461,0.8063201541080707,-0.17760646889823034,0.6057346408560703,0.895588203781799,0.6845692426849432,0.843611387482077,0.0519432322407231,0.742132413754586
11,0.21063105712540642,0.8913944944083988,1.0000000000000002,0.6678562701434039,0.8634474686252338,-0.5186956266231034,-0.5247216763974977,0.8696313888409037,-0.04256783775681908,0.8912713013820255,-0.7229948628000391,0.5139452880546649,-0.7202585755470713,0.9382810587613482,-0.6971391663116693,-0.7301222417117301,-0.6727504446067302,0.8869694335150419,-0.7958463064210375,0.7966914236608403,0.9022350538318494,0.8530607822553226,0.8339653710964916,0.874631461134346,0.6739950105534678,0.8190630531660545,0.8669617840574332,0.8287465243399291,0.7969017520754268,-0.6643526501207307,0.874936138072876,0.8217550003365933,0.6348395811874722,0.8353645255552831,0.9202558355782733,0.854803300850487,0.7771384104326459,0.8110621216080875,0.8661699617761115,0.8421485141531039,-0.28541127097340685,0.0034587406989657244,0.795904627646095,-0.4122730287070665,0.7498882110851813,0.4492389935756897,0.7645179152705608,-0.24862981742476248,0.6743611552316926,0.1967121759537637,0.9052262350409431,-0.8106044232073997,-0.561993863888401,0.9644457073874058,-0.2630906605008323,-0.5262247631207949,0.5467435359598706,0.9524922752903299,0.7960873264256101,0.5711814256894291,0.9108312742693337,0.8107725135132454,0.7859046744983863,0.9481844084102116,0.9430526203972527,0.4474011213779544,0.9906143558782163,0.6941121980761767,0.9162135922702441,-0.12885719408868404,0.800496151083748,0.9319422643950052,0.5198507743006548,0.670046040252074,0.9860249121911943,0.7970372398237082,-0.07249964946447802,0.23391003112996628,0.88560071387137,0.013961371197743147,-0.3841738561159888,0.9048686483058882,-0.4248641316011129,-0.09508045165677531,-0.6829301651914907,0.818220534338425,-0.49696813902171727,0.7709804579362795,0.8270893994406802,0.7196720532956814,0.8987787095443388,-0.25071476961532685,0.9105132696980095
12,0.47628384624203607,0.8701165049618332,0.6678562701434039,1.0,0.9146888614730143,0.24424518490829933,-0.6677888977555134,0.7968677442660842,0.29672794971030503,0.6145966752302134,-0.253199167548995,-0.1141144431075296,-0.05911544850342939,0.5851854407162708,-0.04776358972080525,-0.1897211958259298,-0.28328520297289406,0.4919674856645934,-0.4534506129799058,0.4031657520603841,0.6887718531379066,0.4971852642522532,0.430065284760765,0.4854651399092287,0.5135190298195202,0.5183223009659096,0.2867818541402875,0.44111928351876606,0.5312833379029245,0.0032866334861720984,0.4553842055329628,0.5132797411389405,0.2754296453685146,0.4438099074145901,0.5782910315040304,0.3984171477063555,0.3909565753955306,0.6756916152182417,0.6881672584086131,0.5830996867562748,-0.673493435553279,0.6711365043878034,0.2944570254279699,-0.04241308161110014,0.28852667568271895,0.14737008351979805,0.4475736662446355,-0.6856413401190002,0.4292734463146987,0.4813124308280512,0.5760890086051197,-0.16648333396820736,0.11153408208226775,0.5266669851172473,-0.11918373062604085,0.1891276345970831,0.2958332776252136,0.5664101449418643,0.4291315873764363,0.6966898910562875,0.7936105874208293,0.7193899711277428,0.07521168047245816,0.8278045837919819,0.5282459176667851,0.9507228396800724,0.693070461404115,0.9468788530565119,0.8943502813191881,0.5475531172187752,0.9375550713465186,0.7237429312878514,0.9556367304165782,0.6860322016831236,0.6439466168891934,0.5713069896713462,-0.4293523200755674,0.7643092012138192,0.51437178864388,-0.2417061022253339,-0.694937504355162,0.5000470053177911,-0.7207510599689656,-0.5994857472875185,-0.3382812455235798,0.6687938198028573,0.18714339164800925,0.3972894015457447,0.654957704516425,0.3861548016404453,0.6401148760535381,0.33783258346713674,0.39108127699294704
13,0.3901836163427764,0.9949700902527412,0.8634474686252338,0.9146888614730143,1.0,-0.0710177834741375,-0.4885235298933584,0.9703137346768562,0.2465773998627566,0.7626363991265191,-0.4614655861070348,0.09173452219449597,-0.3652799615763953,0.7934274913864612,-0.35448055282585905,-0.5395052620346265,-0.5292694560712315,0.7308172656189198,-0.7311884916681094,0.6058707329469161,0.8489290381241661,0.6980757309844247,0.6670719598346145,0.6946048899838706,0.5979536846202834,0.6835823823965049,0.5769290649809368,0.6670422841857446,0.7120685103310234,-0.33682504887718,0.6826469668615537,0.7257725162938122,0.5004980324050455,0.6811314802008471,0.8303652282100261,0.6111250473182216,0.5901020837889551,0.7179900662452351,0.8214361342518244,0.7961890015017744,-0.651635140833672,0.31971844973774544,0.5707647581640045,-0.3176325043168705,0.5522824434325025,0.3582330502951405,0.7059316359155636,-0.626170281787719,0.5550039813249854,0.3718614085529327,0.7720589858229497,-0.5335002018745503,-0.24667919154405804,0.7244978675502776,-0.2809527028292602,-0.22156991935129872,0.5172794495876649,0.7163825823986744,0.6410748343224746,0.715933129848663,0.9020124917456779,0.8136904441124276,0.37833529606551514,0.9540904643839088,0.7380262912565153,0.8050755562039972,0.8873976825842107,0.9537611465660173,0.9675671905461449,0.25507781003376434,0.9299927267968434,0.8241831138632625,0.8686458402207213,0.6905246533036766,0.8719170148759622,0.7442992402279551,-0.23463003750405984,0.6586879572434011,0.7106253681348484,-0.21531548972332631,-0.628814344690688,0.7206607530214669,-0.6235874592982111,-0.5164590980840732,-0.5344516901168969,0.7879890247872088,-0.11211599594928622,0.5671126934714845,0.8618981069623513,0.6314679981659276,0.8140359095080896,0.1209057569972294,0.6824432018351668
14,-0.01830698157372282,-0.15427301429133766,-0.5186956266231034,0.24424518490829933,-0.0710177834741375,1.0,-0.059768465788756484,-0.18551167729760076,0.6484380569708353,-0.5854982724904981,0.816015642080481,-0.9330035595949053,0.9467834391092846,-0.632799119031208,0.9420028529241629,0.5515916457259086,0.7155835563531365,-0.6896320349553576,0.5964361277801326,-0.7307830612938426,-0.4962619357081416,-0.6761257380645903,-0.7181156580553799,-0.7031570988088932,-0.5143421998131751,-0.6342760216612295,-0.8534267474276261,-0.7070343782162736,-0.5895028101334862,0.9368382650775635,-0.7288608121208793,-0.6184338493638434,-0.6956931290762962,-0.7027439442425385,-0.5843483217139337,-0.7749341056159785,-0.7276894831587759,-0.446131683565033,-0.4774017494915053,-0.5418456104259585,-0.2517806562768099,0.6373355639136721,-0.8101323496290486,0.20634667232464243,-0.7817019381615576,-0.627658173499457,-0.5929587876947414,-0.297860856879146,-0.6044012115040652,0.0016635707013234577,-0.627598941661152,0.8275710944374054,0.9237228514133115,-0.6784597001494688,0.4367322386601917,0.8197093751330926,-0.5534916042022859,-0.5954688970515437,-0.697447137832865,-0.16291679629470138,-0.37574220392799995,-0.3941552249102677,-0.8776852739177735,-0.3293593703532295,-0.693932014037212,0.42278146497149377,-0.43999971002004984,0.22250743505022463,-0.21200846683164298,0.8901192020779091,-0.06686531683148081,-0.4748636478425829,0.43040109634241663,-0.3061837194944055,-0.48698452828394506,-0.5411762633911411,-0.5985568072757694,0.6657695856940842,-0.6835540328445433,-0.5717914344882103,-0.06241063150561903,-0.7037156721337893,-0.029637567991562794,-0.4093782858465203,0.6933802203219834,-0.461668790854148,0.6516397773527313,-0.7214022506630403,-0.40891462671920425,-0.6391934447141058,-0.5521669573354939,0.8880840818583478,-0.7750235914863319
15,-0.15797147003883438,-0.4337598802767166,-0.5247216763974977,-0.6677888977555134,-0.4885235298933584,-0.059768465788756484,1.0000000000000002,-0.2952563440269264,-0.009785425905010272,-0.47196029554658053,0.22857108492955472,-0.17064828394571574,0.07209109586362268,-0.3883721017380063,0.03353374161987044,-0.02923839695555161,-0.007852537976410565,-0.256463596079454,0.006616082476183417,-0.2663198404476999,-0.40338102153138755,-0.3084844079889777,-0.2059300388222907,-0.3320493251609803,-0.3528092862158031,-0.3456087960938502,-0.21868996258305637,-0.22315057798789337,-0.24580379006016248,-0.0889909320528688,-0.29660865219153054,-0.20327444007823686,0.003777255859940911,-0.19783566502791125,-0.22817291862342196,-0.3512959543150302,-0.25053592490497806,-0.6399533814487912,-0.42241164516818974,-0.1958001309954552,-0.01237765515806135,-0.6636375622125322,-0.11258762109861581,-0.1482128162301566,-0.07066152301556765,0.1861259363925541,-0.00997632798198114,0.03892202355773318,-0.2760920721519264,-0.20955303089360713,-0.3682283380678016,-0.008283166508551649,-0.24220658503447617,-0.5387448286227616,-0.3183366308508621,-0.35386576821686233,0.152232209654231,-0.6656005392179292,-0.21576892800485845,-0.274590304305888,-0.5253781408297244,-0.42868449764541056,-0.2487617860236996,-0.5290995015782044,-0.4379550630785107,-0.5158469048359386,-0.5135060906754574,-0.4690531465307697,-0.6095122982649843,-0.4388045903661622,-0.6348640664296421,-0.6437462755731228,-0.4793928692902622,-0.49830744619007483,-0.42732852299577684,-0.24490271540124417,0.5791174435541563,-0.24434175241747857,-0.37415206326632394,0.027932194432191904,0.24825252463927527,-0.34355109344411977,0.40019946199080614,-0.06952131133026289,0.12719090807243358,-0.3924393953600025,0.04365363364804821,-0.3322952345705779,-0.1544374195136546,-0.00764712756588742,-0.3834207168029313,-0.16655194474219737,-0.2189737649904996
16,0.3055781358450122,0.9868290398773003,0.8696313888409037,0.7968677442660842,0.9703137346768562,-0.18551167729760076,-0.2952563440269264,1.0,0.25808119017802617,0.7409281266196974,-0.4874928519508208,0.12741380986058237,-0.4564160741167488,0.8095255633496139,-0.449253776425044,-0.6901839591774311,-0.5991008314907292,0.7725331449451689,-0.8208796160495635,0.626471579971486,0.8426525049603653,0.7152303394142642,0.7113107381988522,0.713399455090019,0.5571395219612439,0.6801294327115089,0.6468196351161902,0.7041426576983346,0.7270658105762632,-0.4615910553243304,0.7134817217124355,0.7603651568866793,0.5598840357150944,0.7267138879089255,0.8864973140053237,0.6288340266024522,0.6104285982423316,0.6329709703680898,0.7998565002988212,0.8348317636290654,-0.6289556847826782,0.09543272931603619,0.6423723322244219,-0.46854279266780363,0.6218117413577442,0.43241159271332147,0.7846169027731131,-0.5816465057697362,0.5394220682527263,0.27186531577398937,0.7830649790881463,-0.6703971647677388,-0.39775678782725865,0.7241617217664316,-0.35215468903718883,-0.4229578084209184,0.5948686190938428,0.6854174167864664,0.6718155571412839,0.663068161068854,0.8632256830299565,0.7745066754121043,0.4620527294815156,0.9279296619955789,0.7494650726530605,0.6788271400352686,0.8990852575462779,0.9029086520396314,0.9122289884337659,0.10681212499759742,0.8360792780396914,0.7683038481143069,0.7794926050178294,0.6035060280218074,0.9069436227174363,0.7570144776892714,-0.11577627582963951,0.6023714123815218,0.7195792629279076,-0.2357061360029572,-0.5468897742667671,0.7447436970000797,-0.5100876715339648,-0.4784499340747037,-0.5660471683389624,0.7622582982355808,-0.23810998166528619,0.5654572128676856,0.9074497850602524,0.7016004213696295,0.8145853465923752,0.04352340341550454,0.7547773986503108
17,-0.509054012402057,0.21295144060118526,-0.04256783775681908,0.29672794971030503,0.2465773998627566,0.6484380569708353,-0.009785425905010272,0.25808119017802617,0.9999999999999999,-0.4201658695952493,0.6997556788211062,-0.8226095163962811,0.6011177405175462,-0.3242019404201773,0.622300211973552,-0.2526232593479878,0.5803864559419332,-0.3953130916918128,0.2635467919139078,-0.5849407352484692,-0.28810276724067757,-0.48391910326017595,-0.4828932709080104,-0.4739969739190883,-0.6206339704495681,-0.5261625994595635,-0.4443987872477673,-0.49665052854376784,-0.4726505382329803,0.562853679355081,-0.468661597493245,-0.4277198595540703,-0.6225832536857523,-0.46466696169757343,-0.18939194875491377,-0.5438130599780834,-0.6039585257699243,-0.4530682291169319,-0.3473303802952814,-0.3080652823886776,-0.06543287224032192,0.11901132945256344,-0.527629689639259,-0.6069674340336612,-0.5632098411026504,-0.6618919717946021,-0.33538239830041466,-0.04271580409864088,-0.6624782973974946,-0.5197262938610717,-0.3834643723244568,0.21986155362396786,0.5556268536029773,-0.28072841856909403,0.5973559225402402,0.1777768885877197,-0.5021791666907698,-0.20761375189856485,-0.5395257491323727,-0.3447739833045336,-0.19247862426828702,-0.35408009054371503,-0.2951728320652186,-0.029697743782983115,-0.3652123179470232,0.27620047017969324,0.0930694461807473,0.4821158972344476,0.030851657211070752,0.7472501889023574,-0.016913278862118627,-0.27799950973642323,0.5116614078780567,-0.47633165094043045,0.07995323548809331,-0.4272303531499035,-0.771426439838614,0.7852363394956731,-0.4615533519748309,-0.9911547000966829,0.2730107811252777,-0.42027645656710116,0.3366443703166084,-0.10779748336541782,0.6438953876674611,-0.3970136547254644,-0.09252251283691425,-0.6395349797870886,-0.135308621876389,-0.4605869666781168,-0.3400268938896449,0.9077550288520283,-0.3284414452448137
18,0.5836488309695337,0.7882096712475681,0.8912713013820255,0.6145966752302134,0.7626363991265191,-0.5854982724904981,-0.47196029554658053,0.7409281266196974,-0.4201658695952493,1.0,-0.9161303711303288,0.6917897346955021,-0.804655012113579,0.982259720100199,-0.8015090050359477,-0.44137746093549285,-0.8715441175564835,0.9658771483140463,-0.8602788240411859,0.9642262856137968,0.9817608999244506,0.9831503068822233,0.9573897108022835,0.9835607695495161,0.934751655804329,0.9855782945938885,0.8957019856535795,0.9630518671533724,0.9646190522139771,-0.746479444381869,0.9737092224364868,0.9569246687376113,0.8641397407502999,0.9560876103572774,0.9230348886271215,0.965990338227811,0.9583286879799352,0.9631456994743122,0.9851406373922664,0.9397613888089456,-0.4479083695768169,0.12359980159445082,0.9117632123395385,-0.0018825389249989715,0.903707879627716,0.7349665884901188,0.8735735453729925,-0.43223772952755685,0.9326544896362783,0.5738452999050447,0.990258391507736,-0.7263356421018458,-0.6524777192010452,0.9279662165478646,-0.5866227032149678,-0.41737459270101673,0.7756186827462799,0.8789972376740303,0.9595440601178508,0.8147582025084915,0.9636018284462559,0.9642064565186086,0.6685973140778574,0.9182656840470975,0.9742569320786533,0.4815545820521349,0.8274088426370156,0.5448969385714757,0.8814322638324005,-0.3071870992845618,0.8437117008858978,0.9729861625332521,0.4157379575754776,0.9084057674106073,0.8237595666968225,0.9585525396346973,0.25897388449345454,0.03889645890142842,0.9901372220568452,0.42312448291129917,-0.65657833993614,0.9802978962425233,-0.7034786444665507,-0.27656221682853693,-0.913333003991625,0.975410129797614,-0.19529853693892102,0.9623350771692316,0.8777834818583752,0.8825188608552159,0.9886000322753852,-0.5182382673443687,0.909468024516084
19,-0.5399996231219555,-0.5124182644039952,-0.7229948628000391,-0.253199167548995,-0.4614655861070348,0.816015642080481,0.22857108492955472,-0.4874928519508208,0.6997556788211062,-0.9161303711303288,0.9999999999999998,-0.8988903653549508,0.938945361475666,-0.8982022342059388,0.9446900581947313,0.38436027089514735,0.9390459380663133,-0.9297047486251067,0.82417126340879,-0.9837920489221309,-0.857004201867239,-0.956122792695701,-0.9566473777265821,-0.957624558056476,-0.9144382408520157,-0.9553845722337585,-0.9309752193274348,-0.9600118169322788,-0.9267920806825795,0.900875696878356,-0.9583665496403333,-0.9206904437501395,-0.9393068754189113,-0.9485562586262535,-0.8267262854123665,-0.9762236792145533,-0.9851036987163896,-0.849742020329586,-0.8680935805363238,-0.8621644104498821,0.2552473746186929,0.14733886196754253,-0.9642825865416285,-0.08879423230085515,-0.9651029478128726,-0.8579877911351871,-0.850597021259858,0.23412186473277946,-0.9509742162911748,-0.5259350972272087,-0.9196015063798131,0.7686420653781539,0.8429322415382807,-0.8430442271373085,0.7045762825050789,0.5657594069091215,-0.8280467034218137,-0.7581224656830334,-0.9667116654229789,-0.6880966952693487,-0.781068520902222,-0.8353793836628285,-0.7308655675902258,-0.6969091890170905,-0.9112272919710445,-0.13678940980873008,-0.6263828381988195,-0.18097303475204787,-0.6209278258315543,0.6511041026282843,-0.5705097515130283,-0.819424719117017,-0.03227231858543262,-0.7986107457998849,-0.6460099025238137,-0.900427122525932,-0.5710959477412944,0.33918204158030424,-0.9507733952644131,-0.6844693191428463,0.5075372980480298,-0.9408795206309081,0.549683898001789,0.09053289725224695,0.9668910187325763,-0.8728328621928947,0.2598853659779033,-0.9873279640080713,-0.7486377045229095,-0.8987392231745011,-0.8893095744996486,0.8171829927157523,-0.8947227441646072
2,0.25755844201032413,0.1513598730080979,0.5139452880546649,-0.1141144431075296,0.09173452219449597,-0.9330035595949053,-0.17064828394571574,0.12741380986058237,-0.8226095163962811,0.6917897346955021,-0.8988903653549508,0.9999999999999998,-0.9163104677286068,0.6723087655755949,-0.9132522381918854,-0.3004400297442149,-0.7402320117541801,0.7107266003120206,-0.5467298953036248,0.8091465207037711,0.569395730859321,0.7444548402318995,0.7517448380902578,0.7637015032184883,0.6900755651911431,0.7385399260267533,0.8288034721661945,0.7527780902872653,0.6687072971842808,-0.8620423009486474,0.7719619139821863,0.6635781120155767,0.7424079788911779,0.7331032638210934,0.5570403983053167,0.8404400754190916,0.8106298269023885,0.6391053490046376,0.5818492634161007,0.5659265234452231,0.17337837135588896,-0.3430831253977956,0.8102709254229422,0.10794533094617012,0.7954821081855451,0.6690539991417693,0.5717356603274455,0.18749820034610926,0.7516713738815323,0.25715505278728945,0.6868468397627202,-0.677884257050896,-0.8164793650564329,0.7132515309290101,-0.48319215590692194,-0.5754173233085355,0.5694282989171292,0.6519610988531569,0.7602205536661877,0.3304706090049462,0.47517803966414035,0.5278926180496988,0.7849696663504077,0.3830440641501436,0.7376518568257878,-0.26369042856202835,0.4059067372598472,-0.2079475252673048,0.2948051910622292,-0.8076123369045384,0.216446518681573,0.5964081398468906,-0.364560782997233,0.5227796883224393,0.4259835827115975,0.6189643199097025,0.5893241902349007,-0.6878700858035997,0.7542324787343958,0.7640988182845437,-0.13823719725668143,0.7466289981904429,-0.21486131039256245,0.31553999450209663,-0.7760231077410779,0.5829697990464551,-0.4272543686457153,0.8349939603713491,0.40200585306741077,0.6485053273211161,0.6227163826090752,-0.9271949713629765,0.7343593985615818
20,-0.24290758904493193,-0.43961457408304405,-0.7202585755470713,-0.05911544850342939,-0.3652799615763953,0.9467834391092846,0.07209109586362268,-0.4564160741167488,0.6011177405175462,-0.804655012113579,0.938945361475666,-0.9163104677286068,1.0,-0.843118461686426,0.9982536808383904,0.6071681753185698,0.8790025977674142,-0.885785601918589,0.8045064680680328,-0.9033898002286376,-0.747561565156838,-0.8744713213264379,-0.9028163735147571,-0.891548871982429,-0.7272710518438066,-0.840287347111051,-0.9692496135604388,-0.8951899266120334,-0.8124783151103422,0.9849832358593505,-0.9089770333299501,-0.8358796136230127,-0.8591205602461935,-0.8932194868875971,-0.8053498750742348,-0.9280680176857444,-0.8992203312674967,-0.6704593665598525,-0.7309924370938274,-0.7810092672950605,0.037223582256271696,0.4530560913392408,-0.9536533815604984,0.19097432449835977,-0.9327241076737126,-0.7688125891289835,-0.8043673034993674,-0.008903317914522445,-0.7954005918454246,-0.2183436195400428,-0.8424313394700341,0.9074901264054581,0.9486780049442054,-0.8358665820488894,0.5833889096084008,0.796881287206992,-0.7401548284244608,-0.74507605869092,-0.8855189556066819,-0.44747152714061855,-0.6465109354980548,-0.6620019726292684,-0.8845141281292331,-0.6005716863631246,-0.8748405077189576,0.11260463812651027,-0.6433328114028899,-0.07216444953072723,-0.4957336261539283,0.7757114107714332,-0.3715638479016765,-0.7033817650210941,0.13310645507847682,-0.5609995392971925,-0.6830352803781291,-0.778184514906733,-0.5630539401632532,0.4348512538054839,-0.8770288819756996,-0.5512541477141556,0.22247114307459395,-0.8918444070264513,0.24792124270331967,-0.14470550882022576,0.8654223912865916,-0.7161937234191887,0.5467687443106654,-0.8862192794542643,-0.672070694702695,-0.8349457715859687,-0.7894191386668183,0.8357274421645263,-0.9265180291239576
21,0.46723597904810393,0.8310449861649695,0.9382810587613482,0.5851854407162708,0.7934274913864612,-0.632799119031208,-0.3883721017380063,0.8095255633496139,-0.3242019404201773,0.982259720100199,-0.8982022342059388,0.6723087655755949,-0.843118461686426,0.9999999999999998,-0.8374913404034648,-0.5986948061156135,-0.879067811533862,0.9886031288146628,-0.9132683093946998,0.9528639800069673,0.9814882106002257,0.9804795873507274,0.9702623288351406,0.9861001415610003,0.869995309949529,0.9634555293074837,0.9400923030655417,0.9696720802768941,0.9534764245625736,-0.8034928544170191,0.9847062421978956,0.9638785390751009,0.8586746928318055,0.9707188625786607,0.9730587912496265,0.9649490205809159,0.9435084226288478,0.9002687879347204,0.9672957258390783,0.9591368257118834,-0.41884422859211606,-0.01604533646738341,0.9386042731279854,-0.18085615013493264,0.9209509337730301,0.7223153552818444,0.9102810565950352,-0.38601909399518225,0.8809961339296686,0.44757126031113564,0.9958861073580518,-0.8311351722774064,-0.7200918884257488,0.951645429728757,-0.5630556466879826,-0.5552536166432158,0.7814499241646813,0.8935944177169997,0.9557739084269328,0.7515197254006226,0.9527791399442308,0.9293565259209072,0.746459531471316,0.9336416540085377,0.9904007453279521,0.4267326712568126,0.8900410256393406,0.5742070872893181,0.8824098774998977,-0.3415334375901024,0.8062007212090275,0.9526545851579602,0.41273015440283345,0.8259373754390203,0.8986127616355661,0.9485062303017823,0.24610717573547736,0.06904884183449225,0.988621802742054,0.31663233958029663,-0.569663364444284,0.9935954304215915,-0.597342058679556,-0.23203023733854367,-0.8930219086754239,0.9463089465898418,-0.32995457313596477,0.9325072768262426,0.9132839819918854,0.900861587474104,0.9887944876020319,-0.49757513467834186,0.964658237438756
22,-0.2798370623380967,-0.42966528135223586,-0.6971391663116693,-0.04776358972080525,-0.35448055282585905,0.9420028529241629,0.03353374161987044,-0.449253776425044,0.622300211973552,-0.8015090050359477,0.9446900581947313,-0.9132522381918854,0.9982536808383904,-0.8374913404034648,1.0000000000000002,0.584180890478352,0.8990190474331802,-0.887209418266893,0.8172811771620967,-0.9094738189368972,-0.7479957421242966,-0.8779371858572301,-0.9089457955295255,-0.8914276181560109,-0.7415511612524863,-0.8458940822478845,-0.9616503630280566,-0.9017546312285445,-0.8240297685397019,0.9898250960396948,-0.9088232464744675,-0.8460883342441375,-0.8815501014634435,-0.9000030736746902,-0.8045755839816789,-0.9243449627916666,-0.9070267562114844,-0.6650466809715425,-0.7340328645262296,-0.7906909570053089,0.07160709951737537,0.4546382045352844,-0.9597318617257992,0.162148522489802,-0.9443675979223887,-0.8028068026344584,-0.8207643334626239,0.025336202437941734,-0.8105735739037041,-0.25324140973366754,-0.8412588195965343,0.8987583676521126,0.9594606673159702,-0.8135082408132359,0.6282277337374442,0.794657689359213,-0.7718188406791793,-0.7145407351279454,-0.894787206597296,-0.47166867571138016,-0.6418994733193366,-0.6691775610939125,-0.8568067076231513,-0.5897306881634311,-0.8635831237079717,0.10836930206678436,-0.6172423265408141,-0.06112129869729854,-0.48290275905173174,0.7932603290731433,-0.3664775163649574,-0.6890510152323094,0.13895769952914994,-0.571813865346962,-0.6598621574058371,-0.7906390884429102,-0.6065768439287886,0.4397837792836347,-0.875239897734247,-0.5781550997069974,0.25218291144497057,-0.8885580497675389,0.2707404239955487,-0.10646408581295327,0.8828232615724023,-0.7237577626519978,0.5082851125525255,-0.8908958607596522,-0.6826261295302247,-0.8542486204202505,-0.7901094947416467,0.8525106115843618,-0.9195874825606556
23,0.3391889789401924,-0.6062736920336907,-0.7301222417117301,-0.1897211958259298,-0.5395052620346265,0.5515916457259086,-0.02923839695555161,-0.6901839591774311,-0.2526232593479878,-0.44137746093549285,0.38436027089514735,-0.3004400297442149,0.6071681753185698,-0.5986948061156135,0.584180890478352,0.9999999999999999,0.4282493643428669,-0.5945502130261656,0.6391121472757542,-0.43163004056693094,-0.49488509684514326,-0.4843050962986406,-0.5344335212074556,-0.5193008448990041,-0.1478838816953157,-0.3914928498733172,-0.6902891191909446,-0.5078162779518771,-0.4101535419840024,0.6409078521108365,-0.5530967367604743,-0.4914950802898235,-0.3593796951990239,-0.5389182064716629,-0.6958162491390629,-0.5089567762764354,-0.4083102454528885,-0.2248913282601714,-0.4105019212653925,-0.5359865889883416,-0.024680265385753974,0.5804207653736135,-0.5783304007511065,0.8843832140421819,-0.5143948443322863,-0.22799833357597604,-0.5629165119922316,-0.10956303227461882,-0.20610861353781276,0.3823150178887606,-0.5357813122420233,0.8768528543385068,0.6240564500800309,-0.6501190769788268,0.06738701040468423,0.8537461388680823,-0.3325862361669085,-0.6067401033476602,-0.4518996148521905,-0.05114262043655858,-0.4489591366972734,-0.3093930213921085,-0.788528119157455,-0.5587828602820303,-0.6072204588073304,0.04081585942995137,-0.7732676681598017,-0.414954577194539,-0.47799209855940045,0.2889932774391739,-0.2605719184834818,-0.44482956657641143,-0.18518585487380584,-0.05773874857257772,-0.8189200761554309,-0.40716599476745113,0.03249987429615709,-0.13566515524679434,-0.5086287754292236,0.318004746269201,-0.1563176516891609,-0.5745134431395994,-0.19652001123755125,-0.1943178426922984,0.3324573715885804,-0.34210515524633167,0.8315091276543443,-0.35304592429253845,-0.5684153009349373,-0.47983811352064143,-0.5020637363344638,0.15070179175446005,-0.7389695949502204
24,-0.6241860460177014,-0.586568625659311,-0.6727504446067302,-0.28328520297289406,-0.5292694560712315,0.7155835563531365,-0.007852537976410565,-0.5991008314907292,0.5803864559419332,-0.8715441175564835,0.9390459380663133,-0.7402320117541801,0.8790025977674142,-0.879067811533862,0.8990190474331802,0.4282493643428669,1.0000000000000002,-0.9379527270743253,0.9378151439568243,-0.9578818608189212,-0.8714859555160376,-0.9436433159079954,-0.9669486130303241,-0.9291406550944552,-0.8964586427933504,-0.9353079324798159,-0.8817893646876187,-0.9667160350077953,-0.958368322981068,0.8943918690519372,-0.9349082754276524,-0.9640021657354897,-0.9971831861923613,-0.9676802735225468,-0.8800086224646485,-0.9075031108895822,-0.9627177345908658,-0.7559793186872401,-0.8750841579197342,-0.9347283978381622,0.4913533288235436,0.1997343521919765,-0.9686898318784878,-0.022326184003174137,-0.9884064819630777,-0.9613478519562539,-0.9614473784554342,0.453373795288087,-0.9362108021885042,-0.5893846610733774,-0.9073458958560225,0.7838781168534269,0.8718772008092877,-0.7338609516753464,0.8686974986493147,0.6235891560164051,-0.9668535419714742,-0.6079497417644775,-0.9736792331899491,-0.7817292044740324,-0.7796436303117799,-0.8540397796243088,-0.5974184969683494,-0.7062638880865396,-0.8481535267193996,-0.2296858181595186,-0.5926940216222724,-0.28206128671727654,-0.620989277415347,0.6316659665341108,-0.5809524812681534,-0.7368420975767357,-0.1422754732917158,-0.7802111961930919,-0.6332851744830315,-0.9476107214417387,-0.6692726823349721,0.17327096628800828,-0.9134176476364374,-0.5951295288780485,0.6240424084453645,-0.9115032849103267,0.6040221406080523,0.3368006489964365,0.9857041212390452,-0.8883526134114583,0.14455813461546183,-0.9303216137003473,-0.8691821986037768,-0.9891523883548974,-0.8945328372450658,0.7426691329411463,-0.8825155650404471
249,0.4966707526847956,0.7784516435125709,0.8869694335150419,0.4919674856645934,0.7308172656189198,-0.6896320349553576,-0.256463596079454,0.7725331449451689,-0.3953130916918128,0.9658771483140463,-0.9297047486251067,0.7107266003120206,-0.885785601918589,0.9886031288146628,-0.887209418266893,-0.5945502130261656,-0.9379527270743253,1.0000000000000002,-0.9509964025716421,0.9743026117010277,0.9674735511576344,0.9906172955771388,0.9940846908483649,0.9917253939541752,0.8829006353899453,0.9714596627462275,0.955446239111176,0.992171761372733,0.9727984125757618,-0.8657629391969341,0.9945484156427603,0.98596448558581,0.9196801511277752,0.994750543375136,0.9754579759045912,0.9705428920158204,0.9683502372966013,0.8616900815216034,0.9546336221406768,0.9751530138671923,-0.43586923051827814,-0.10896020306422795,0.9762603144439063,-0.1611315904148471,0.9672458470578951,0.8093844793537386,0.9526312213409535,-0.39697261438561127,0.9066387286058104,0.46995533883505103,0.9916400738717972,-0.8602642418992917,-0.8015661124258129,0.9125269756151176,-0.6631501840310929,-0.6223192342825454,0.8557311523463766,0.8303748126059161,0.9821325399823646,0.7591619175486787,0.9155644967685259,0.9166424668941962,0.7394252147123089,0.8845042106702984,0.9731022502918244,0.3552898436494075,0.8305758888768324,0.4959071343962625,0.8178033692619705,-0.4528440552805711,0.741623041344237,0.9022291675526937,0.32940905307695273,0.8099874194486097,0.852010444968937,0.965526392515961,0.38229786779213526,-0.006764961180842873,0.9876972060009155,0.391073092331759,-0.5742608049030665,0.9939437693031375,-0.5845986293721871,-0.2510480435368406,-0.9376761392738786,0.9411711521319776,-0.31512635095151786,0.9476966695010449,0.9240922119398021,0.9512386405705776,0.980521221738713,-0.5861376086627551,0.9741412823635422
25,-0.4963333189122555,-0.7865308174092039,-0.7958463064210375,-0.4534506129799058,-0.7311884916681094,0.5964361277801326,0.006616082476183417,-0.8208796160495635,0.2635467919139078,-0.8602788240411859,0.82417126340879,-0.5467298953036248,0.8045064680680328,-0.9132683093946998,0.8172811771620967,0.6391121472757542,0.9378151439568243,-0.9509964025716421,0.9999999999999998,-0.8922906098932895,-0.912461236742974,-0.9181001039445258,-0.946443638230894,-0.907807333212132,-0.7936975689378081,-0.8877045651477097,-0.8739011107880793,-0.9396373976012201,-0.9338435940434009,0.836237525427029,-0.9178675507793291,-0.9614503310395256,-0.9146475951392611,-0.9543314026219762,-0.9689463268201792,-0.8565024879589956,-0.8889796340144127,-0.7064734904931599,-0.889398300727445,-0.9761374688296511,0.5796991590707951,0.20626588561824252,-0.9327842506986287,0.25461378459849626,-0.9373136538363436,-0.8489830131663647,-0.9951210380861077,0.5237825043195334,-0.8252531415127278,-0.4510364741447889,-0.9188772836770264,0.8559600471367025,0.8104127840622023,-0.7703251326520477,0.7572696161113557,0.6843238659436746,-0.9223287346582769,-0.6545790595493531,-0.9278961372460621,-0.7615187241007906,-0.8436153828246366,-0.8571502839068416,-0.6145229849848122,-0.8286741652984194,-0.8638880030182298,-0.36936689258604205,-0.7589402738450163,-0.5328435137976675,-0.751368633220477,0.4434006248467531,-0.6754952933475546,-0.7640948492392008,-0.3723508899738154,-0.7133711191178941,-0.8014632480198688,-0.9386788088864391,-0.45605211840854737,-0.11250630832179695,-0.894655355077507,-0.27951004544912733,0.5975595337676989,-0.9115816627730811,0.5504687982418257,0.40995765412466617,0.893760977616972,-0.8811807844610193,0.2482245727450819,-0.8366670777546934,-0.9686917816376671,-0.974154986903351,-0.9190455151802189,0.5038769042261702,-0.9215177538887115
250,0.5914342401492645,0.6507064475637806,0.7966914236608403,0.4031657520603841,0.6058707329469161,-0.7307830612938426,-0.2663198404476999,0.626471579971486,-0.5849407352484692,0.9642262856137968,-0.9837920489221309,0.8091465207037711,-0.9033898002286376,0.9528639800069673,-0.9094738189368972,-0.43163004056693094,-0.9578818608189212,0.9743026117010277,-0.8922906098932895,1.0,0.9336175213647248,0.992440968359846,0.9891130050160094,0.9897138189954408,0.9443245695661875,0.9905809269506194,0.9350446287339079,0.9924199793566431,0.9770171812432027,-0.8702743597821253,0.9879327635602032,0.973416162870821,0.9542501578396443,0.9855420518777492,0.9024209828654431,0.9852775999390645,0.9994563783120249,0.8937257297128992,0.939940457461543,0.9360987563278478,-0.3932446559627677,-0.06627672582904245,0.9758614801250256,0.03739568463078853,0.9778777946589295,0.8636597225996195,0.9135832896712538,-0.3689775381963985,0.9685825573359845,0.5731833762160845,0.9713616010817134,-0.7823259874967168,-0.8060625653217803,0.8741032138045446,-0.7222969704878908,-0.5447457058014608,0.8684123461522554,0.7896753931778409,0.9953555520394822,0.7785970910363956,0.8728205462414935,0.9131816412605128,0.6984515896941556,0.8038284996702145,0.9474739811113014,0.2920264956995764,0.7138072297818759,0.348498820882335,0.7375717166338784,-0.5381874087356527,0.6921488550338265,0.8811627674432453,0.2041016351492907,0.8579812074431296,0.7307757343312873,0.9613408609703059,0.49585967104626955,-0.16621348771900143,0.9853948221270216,0.5832562138541612,-0.60606808239989,0.9775022530469678,-0.6354613150135484,-0.22319625539232316,-0.9807708180234755,0.9412935686772511,-0.21780790277315634,0.9935139561841062,0.8506318309791645,0.9430756867497453,0.9550896741176446,-0.7114042595649543,0.9258106039116274
251,0.597233139862976,0.8736845905842991,0.9022350538318494,0.6887718531379066,0.8489290381241661,-0.4962619357081416,-0.40338102153138755,0.8426525049603653,-0.28810276724067757,0.9817608999244506,-0.857004201867239,0.569395730859321,-0.747561565156838,0.9814882106002257,-0.7479957421242966,-0.49488509684514326,-0.8714859555160376,0.9674735511576344,-0.912461236742974,0.9336175213647248,1.0000000000000002,0.969249295181371,0.9506346347621917,0.9638194625162989,0.906138166832047,0.9655091733015063,0.8637038351302836,0.9540388308495589,0.9697905446211649,-0.7114891230143544,0.9555437825161504,0.9701178152435187,0.8588540515701103,0.9547439229349628,0.9615886328756491,0.9216457873143677,0.9270842250673261,0.9228793191906756,0.9953076728889837,0.9762908046945327,-0.5738117205457711,0.13093519572500742,0.8946565607132703,-0.08209308685814987,0.8908143036672129,0.7388091090919122,0.9185796703478337,-0.5493344738570456,0.8997366920063178,0.5780670508156368,0.9870979415769713,-0.7331855445981079,-0.6278181620648701,0.8921982406756427,-0.6165886292882059,-0.4300615432251404,0.8118236304210221,0.8329022052809488,0.9465791293208344,0.8564630376262221,0.9857185030383272,0.9787432685555021,0.6057716678996995,0.9585803931330519,0.9507836179603406,0.5751759332470929,0.8559361502700068,0.6609084019162242,0.9239647083394609,-0.22892889685718334,0.8864586098778598,0.9536670489677509,0.5352629484631489,0.8954819461240446,0.8583772817215114,0.9747142122189376,0.22759547364438562,0.191909813919946,0.9687108980467093,0.3052336786198217,-0.7101830818684901,0.965104220822968,-0.7281975497547749,-0.4047636016894776,-0.8930135108528966,0.9840557823456166,-0.15688152816245596,0.9143234265418556,0.9488377400430831,0.9072679164878771,0.9976591337954078,-0.41339248998132383,0.9050636153656106
