,1,10,11,12,13,14,15,16,17,18,19,2,20,21,22,23,24,249,25,250,251,252,253,254,255,256,257,258,259,26,260,261,262,263,264,265,266,267,268,269,27,270,271,272,273,274,275,276,277,278,279,28,29,3,30,31,4,5,559,560,561,562,563,564,565,566,567,568,569,570,571,572,573,574,575,576,577,578,579,580,581,582,583,584,585,586,587,588,589,6,7,8,9
1,1.0,0.6464545188221675,0.810957437240926,0.9897253376672913,0.55670158114758,0.8059717745099062,0.8557451365410995,0.856368833794094,0.42668432806907,0.5778174548698043,0.6646370153470388,0.9950254198985813,0.884255462228406,0.8890786717717034,0.9035088711631117,0.9456812077320695,0.9312211545752807,0.5313248701567577,0.7405901878492994,0.9269662439510419,0.7526082647989745,0.35997824583465415,0.6829421182811225,0.38396328611466585,0.4151405828431023,0.4326150920465626,0.3890635107449275,0.3696169099512307,0.5517939353417535,0.6288644407056047,0.42103062240018047,0.43527988657653266,0.30378426418229965,0.3083473086973724,0.7835839986626388,0.27491574920793693,0.42649869142664165,0.461634280218481,0.8342284380658811,0.982422104442644,0.9338754633862358,0.6544492199396286,0.8360708464098512,0.4980768365093249,0.7818555414814706,0.8360895640594893,0.832825144765267,0.7486391175157118,0.8884295355283606,0.9060922548142699,0.9071558823133139,0.6794948561016179,0.9423211431882349,0.8321335411464806,0.9766939457177404,0.9094508247544402,0.9589943522693088,0.46800013443708643,0.9637564034148471,0.7296035844384208,0.6460847741440406,0.5399940235175776,0.6063570826905095,0.5747865129972566,0.5566580900367085,0.5236255177796502,0.5370903314836794,0.6518761228986271,0.6970379679340291,0.7000771294327998,0.5615067454143672,0.4643352265324213,0.5281070548540507,0.8646385806884744,0.746778352097775,0.7418122332837119,0.7736358349328356,0.9655225969750553,0.8782444383838858,0.9123055418739651,0.8835263970642976,0.9750331397020876,0.9332963339114314,0.8904748272387503,0.8756620578647223,0.9128560667416087,0.9135838328748337,0.9167929113512427,0.9629202825159096,0.8745901355312667,0.4565312616582824,0.5058919347510865,0.8993332156068145
10,0.6464545188221675,1.0000000000000002,0.873470647836102,0.6233467650788918,0.9394351643568769,0.6308934755861725,0.2538211758563181,0.8997173284495062,0.3410525823046089,0.9933675576671288,0.4872725237055791,0.698968614564413,0.37714521865222106,0.7374276405205957,0.5362728594614457,0.7248166019550077,0.7036966240185291,0.9254167627315631,0.8152023360146027,0.5025910194744754,0.7519321888503917,0.3730887959503989,0.581210781041959,0.2757666836531322,0.4639644858383534,0.22844049503267266,0.8449952231377582,0.28031437270512966,0.6607297691040129,0.3614382722146766,0.24542694850728006,0.8046653894562672,0.27866027714958225,0.09402790735789672,0.5944108479563835,0.1620558560448233,0.2535895326783183,0.29508308360292684,0.22645603237308493,0.6987229665203569,0.634514134322262,0.38252133776134295,0.3705960893586441,0.4699798585886618,0.1947597332434602,0.22635254719500253,0.2254137083725608,0.37789760194374455,0.2670722101853742,0.38627593437045166,0.2855794955759685,0.45788148614852947,0.4566206602314098,0.8934600606341621,0.4678049911158801,0.5953031277392931,0.4796818173717501,0.973640651976837,0.5995354427750007,0.7372051408703892,0.9723828332176478,0.6630205650382405,0.9181052539338366,0.536230793273298,0.8984053176743048,0.6148927600721822,0.9348433275211815,0.8837220929070687,0.7636397383427014,0.5304964671965803,0.7663378091249635,0.39530259294823344,0.5766045562909254,0.7313430061293483,0.612540372449086,0.789484870626095,0.5523664969969379,0.5649941635066829,0.7468021866217125,0.48308593814520245,0.40392535831673654,0.6125746258296506,0.5586527266794099,0.4129446943111947,0.3257211835265101,0.35787045162374814,0.44197658088369896,0.4114733070931429,0.5709353706902656,0.6826843690285196,0.9590390290386572,0.572521329947163,0.8854244125540608
11,0.810957437240926,0.873470647836102,0.9999999999999998,0.8123646228737944,0.9189104542341348,0.9284112991294556,0.4243024666421519,0.99161738102092,0.7111832396501716,0.866748651917901,0.8439438693414675,0.85643991330857,0.7377054409193924,0.6845617171741357,0.856024043676606,0.9403151531418877,0.937191323869698,0.720197937104272,0.9868629747892245,0.7304918768430805,0.916285652561368,0.37721072767033903,0.4953888708661306,0.4294172565367382,0.48951498461849674,0.5061156031655795,0.5728181878332045,0.22534423639736956,0.827288237790543,0.7652720792146215,0.5494112444824513,0.6065588847862992,0.2744692520882004,0.2018809383116249,0.8837899789053006,0.21849555762203562,0.5675715567935326,0.6561965602710732,0.36367470401865115,0.7812221058101454,0.9019999934260543,0.778536139212338,0.5737530034863388,0.7776795707460024,0.31362034925679555,0.36283315178709985,0.354441103010312,0.7794655326557172,0.46333060671451026,0.5054419578167035,0.5017394135183226,0.8292975557030934,0.7576511973520615,0.9975606891121086,0.6946769233826537,0.8932161782188396,0.770130417075827,0.7529805393282138,0.8147751286656207,0.9445291229448725,0.9021548628285403,0.8827313762891671,0.9445552898899281,0.7996632734421364,0.8935341552844891,0.8646931484682061,0.8674362950843114,0.9360048467527318,0.9518700094233299,0.8713053453399778,0.9107272929688759,0.7416306102407133,0.8541408040250613,0.9664053852149964,0.9047887686365372,0.7964565609490145,0.8620879275568784,0.6889863611098945,0.6787969027709564,0.5585805129435051,0.48056010192333465,0.7039226386725478,0.6246755285944323,0.4853355964232431,0.45396502583396814,0.5074498759425099,0.5488452896971711,0.5308430888115466,0.6850457560253775,0.9471905499125644,0.7342214899505982,0.8457933421423933,0.9738322673689987
12,0.9897253376672913,0.6233467650788918,0.8123646228737944,1.0,0.542935177550143,0.8209269733406177,0.8721131352306182,0.8540428580591236,0.4552694679816516,0.5543096816759182,0.690006314428769,0.9923179918120043,0.9147871842688752,0.8777318862853707,0.9279984946055087,0.9474141676462958,0.9457458131470783,0.4574265508184433,0.7465646140108162,0.8813751349658993,0.7083354698345049,0.2329297258575862,0.5738994982918587,0.27927287596299494,0.29721875360270095,0.36035631205480867,0.2997882454256662,0.23410285858278257,0.5022080502486986,0.6614407385821562,0.3634910001966095,0.3340075004698167,0.1717159164929367,0.18748165062395472,0.7639177468258759,0.14764892126184764,0.3746201272314671,0.44339710048289943,0.8335527306408338,0.9729094386317354,0.9524822437276225,0.6751322166493264,0.7664155023081719,0.48892789963638683,0.7241267108173102,0.8310652864327552,0.8045857904337378,0.7746954889636638,0.8651208698106077,0.9047383404194901,0.8996276215180445,0.7080468897138597,0.9668825174083236,0.8317265308917885,0.9701328505281634,0.9191321625968102,0.9580348236068787,0.4360694937101379,0.9313084624174518,0.7099724125833551,0.6048433158120147,0.536061431980654,0.5894310966286718,0.5392616266178355,0.5151225694462497,0.5288952817584879,0.4918601381837694,0.6141843951655149,0.6816657153751133,0.7215374171149107,0.543183513363587,0.4717982682141004,0.5417454627893806,0.8662267607648678,0.740510004843566,0.6570834625478964,0.7560325178049777,0.9734241665761398,0.8637142038902484,0.9162438458320412,0.8828524687364183,0.9636239540168603,0.9361675474967514,0.8817640556819487,0.8829371912503998,0.9080821199152913,0.9217676203705972,0.9164328975822282,0.9698650461712663,0.8882568495183092,0.4071279568747207,0.5203143856787819,0.8982331396956027
13,0.55670158114758,0.9394351643568769,0.9189104542341348,0.542935177550143,1.0,0.7488525113347378,0.08073525014127919,0.9003544064148863,0.6036839416998158,0.9646511411266383,0.6744608079480098,0.6202440637046533,0.41483400548722404,0.5239504475717286,0.5869633304967955,0.7348878695277244,0.7237741513554308,0.8448519646716499,0.9157884834383645,0.47712321238621447,0.8432178890162448,0.40647994036074786,0.43317678962372896,0.3955474512377003,0.5198422817843729,0.4104185213819743,0.7479294349006844,0.2208723406944953,0.8230944442936496,0.5618804883097523,0.4573089081840022,0.7488436001107154,0.29939057264226426,0.14752509540575068,0.7208443862691846,0.2105890370187732,0.47251841340712886,0.5398933396546687,0.030524245271755797,0.5562641201076556,0.6586118353038759,0.5769069669836896,0.33001015351613616,0.7044593957097722,0.026251867986413067,0.03110752969043341,0.036816034780194525,0.5261529276771664,0.12966056050371652,0.19681557166969157,0.15666535038576898,0.6394446021400917,0.43982841890541186,0.9147704277724837,0.3822356126317935,0.6517047312835271,0.46674719542711224,0.9045031104639515,0.5722902710144183,0.8631915566778048,0.9669140909279608,0.8593673690111833,0.9938434728648485,0.7281551519170897,0.9742405551252484,0.8259604821096831,0.9746162454069972,0.9606827949112774,0.8946291583531147,0.7027139360177946,0.9244010810779465,0.6475875524654209,0.7938217523388239,0.8035176544428936,0.7595669880454919,0.7676900913100994,0.6869214959191378,0.41229233574297763,0.5290898570169773,0.2808626638593251,0.19014357396877446,0.45138132656943813,0.365448194440872,0.19929225439506004,0.1330244860420418,0.1861853647220911,0.2522738451468428,0.22574079307078837,0.41256338760943123,0.7540633918097148,0.8956358049586697,0.794664485713963,0.8552247395094057
14,0.8059717745099062,0.6308934755861725,0.9284112991294556,0.8209269733406177,0.7488525113347378,1.0000000000000002,0.48366364308150006,0.8954613514724296,0.8724214555142511,0.6250876578628572,0.9733559350887497,0.8359988024597986,0.8882220601423187,0.5306406773995318,0.9555695016914353,0.9494805127581225,0.9576013693882885,0.4553952696570398,0.9515109307539508,0.7983180237836688,0.9007810525191569,0.3498353627324608,0.373404575807309,0.5046171854532489,0.4572534202891255,0.6570412829082151,0.28452359630603735,0.1802525875895995,0.829559776230164,0.9433698902970759,0.7095373635290181,0.3739356055907336,0.25953080019087754,0.28465084585347966,0.9657893511100825,0.25953607323483274,0.730920452846248,0.832418902136431,0.4118634837550926,0.7167206553920017,0.9541690093342219,0.9514287904128014,0.6553836889639305,0.8885598755096477,0.37092896240721324,0.4117435706473532,0.4050675465293774,0.9555373301521215,0.5467524250097228,0.5152609455629814,0.5900263169363595,0.9720635321768482,0.859754491088684,0.909345993987275,0.7578406866578155,0.9730665575954749,0.8685521855156095,0.45900640838398277,0.854676408085263,0.9512665736189015,0.7035937636149495,0.9050140586239966,0.8079764791323176,0.8792258383563962,0.7475134737800729,0.9112543373413456,0.6777264796296395,0.8268754082985217,0.9410710763581818,0.9846759932300848,0.8728585937973933,0.8846032671452794,0.9221365644642763,0.9860954777304233,0.9816986531539744,0.6888051858498305,0.9632570788072302,0.6684644387995314,0.5147810239437811,0.5234777293112644,0.4610256734814363,0.6602930063020759,0.5710004365489629,0.46378582808655017,0.477468511119142,0.5417403331858603,0.5389669975452667,0.5361846549462046,0.6576886971205655,0.9902086471943313,0.4448070156345027,0.9115918130289347,0.8778853961431244
15,0.8557451365410995,0.2538211758563181,0.4243024666421519,0.8721131352306182,0.08073525014127919,0.48366364308150006,0.9999999999999999,0.49949897909165664,0.08712429177382049,0.15095920207334512,0.345089408782462,0.8237176438905814,0.7879425273057991,0.8069929963675462,0.7122189255034294,0.6779140617287418,0.678527053621695,0.12017403858088904,0.32841337291193823,0.7403801405549737,0.31903181001109954,0.025230010510965715,0.4737074930304265,0.0437221289231192,0.03151571309104596,0.10057604219109405,0.0,0.1587890386170879,0.06878052420990177,0.3630017083893015,0.06930327423938006,0.015962535394544335,0.015224782087359277,0.09206433077003316,0.42596472598950913,0.019384104935119526,0.07160821187050863,0.10685387660028015,0.9904288474358754,0.8624504970991826,0.7160910717875177,0.37193225487822446,0.6893692198101683,0.0832728706420505,0.8518018093924936,0.9864950624226769,0.9483773236600331,0.5279943644031153,0.9463818374341705,0.984850924530476,0.9693126572066808,0.3848731286986325,0.8577349200447233,0.45861868461020927,0.917196681579088,0.6664557585364325,0.829667088913833,0.0683826208724682,0.7517178829886231,0.2982544178123099,0.19181415947270866,0.07866624616328464,0.12706270942612083,0.14331713386088865,0.051683136557058876,0.08131985611373756,0.04248117991652892,0.16675401747728297,0.2502819067078948,0.37246956134153,0.07104082478260491,0.08593650638325492,0.10920450900453907,0.5265440895302879,0.37376651123901744,0.3470223973100859,0.43019520607859657,0.9398737213348364,0.7907043982075458,0.96355338108112,0.9756459949193222,0.9115521405277446,0.9400813827044914,0.9688530078834282,0.9945390635788264,0.9848126845787618,0.9781249350743466,0.9820569655883095,0.9383800565718561,0.5766415820014685,0.03584345339276835,0.08311199303474107,0.5844122832248989
16,0.856368833794094,0.8997173284495062,0.99161738102092,0.8540428580591236,0.9003544064148863,0.8954613514724296,0.49949897909165664,1.0000000000000002,0.6214485903726863,0.8803959621466223,0.784502802927549,0.8972783795434242,0.7365702442401634,0.7717616473916913,0.8494916429849415,0.9481252191202157,0.9410792025355752,0.7530383650373681,0.9577800020322934,0.7532237037979954,0.8921247680180473,0.3711383968751023,0.5583329964869013,0.393078401175058,0.4755140270352536,0.4480833986724214,0.6099223289772402,0.25361152753703237,0.7748062466384362,0.7012402564218462,0.48004734461039217,0.6301925800391737,0.2727324028795835,0.18963050234818626,0.8482897196500918,0.20704220412203414,0.495613125928794,0.5746615456834759,0.44719838558369507,0.8448413382072092,0.9049318935221933,0.7171907279750943,0.6017045348518838,0.6990420092947608,0.3876231227260588,0.4462220483092005,0.43580813203641916,0.7362961391061649,0.5269136658660806,0.5867481574466936,0.5621852038213517,0.7723014809884355,0.7766263495047064,0.9981019942614381,0.7394301768263106,0.8845665091527983,0.7883034111028793,0.7794819470627178,0.8378454408698361,0.9071686970455018,0.9091443829122019,0.8170047442421312,0.9216504854476196,0.7376499332483348,0.8702967268005607,0.7935823532418302,0.856593264350359,0.9140983349942862,0.9118614138876378,0.8176192133731988,0.8586192045883008,0.6562565034520524,0.7810361791876347,0.9504311704290823,0.8608657705188837,0.813146781454789,0.8237698098711672,0.7566622261634943,0.7673119237555855,0.6437664725661109,0.5700532256736992,0.7748092346200657,0.7064558665369479,0.5749829951496631,0.536186087248756,0.582766877123944,0.6297878769103258,0.6107967117921915,0.754684021676509,0.931823735045656,0.7588812836983229,0.7705410503164832,0.9941345045705072
17,0.42668432806907,0.3410525823046089,0.7111832396501716,0.4552694679816516,0.6036839416998158,0.8724214555142511,0.08712429177382049,0.6214485903726863,1.0000000000000002,0.3836054970059414,0.9584531526879231,0.4650329517223233,0.6816730550584873,0.05126764040353132,0.7454341185503438,0.6754423679880801,0.6985973936323924,0.1787912258897598,0.8095917152227546,0.5094166820895187,0.7505761075259045,0.2652720619579657,0.018030436199427093,0.5058249226990316,0.37471876164592055,0.7109412831538263,0.032217436810067265,0.00930338629630217,0.8043791758062753,0.9593375091447379,0.7944668036508953,0.15324718633786769,0.18310010179741115,0.2525404647697259,0.8540234020518908,0.22577360288307596,0.8208897461816084,0.9365911464938429,0.0,0.2865734090329331,0.7034829013302591,0.9535067959003231,0.38311308314782866,0.9612844333346933,0.0,3.0347579716376807e-05,0.0003268476446520721,0.8899542407879956,0.1754036149676945,0.08058724720932198,0.22130473355289626,0.9502000586862547,0.580010554340015,0.6619212107003101,0.40126474742205215,0.7625556081427876,0.5864087453847623,0.2062821638915495,0.5482635931753793,0.842013844445496,0.4692836276644453,0.9164579431261133,0.6669267743288381,0.8864394521428466,0.6197515896052963,0.9446846522352847,0.5168955555792953,0.6779998817878721,0.8428455599091698,0.9433094221337043,0.834011780741653,0.9886124598163311,0.9633606737991832,0.7920280491651943,0.8979550149078995,0.4275652729608737,0.8649116245465039,0.2423759142937901,0.0332042872151034,0.06794913390607273,0.006895307940140005,0.21984964097793014,0.11367009882080764,0.007298410006981051,0.05159368564485409,0.12473857391016761,0.09836799299139061,0.10072827613159309,0.22626301631297244,0.7966265297088788,0.2012522847699122,0.9633715502549806,0.5643110976178869
18,0.5778174548698043,0.9933675576671288,0.866748651917901,0.5543096816759182,0.9646511411266383,0.6250876578628572,0.15095920207334512,0.8803959621466223,0.3836054970059414,0.9999999999999999,0.5003225234355958,0.6359276764116136,0.32784755331025617,0.6553188620668219,0.49896243496776466,0.6883237725424985,0.6682393063832381,0.9247403197877828,0.8236463741953967,0.4501306898247694,0.7581723531878607,0.3851384759375902,0.5329200488485619,0.2976905653627087,0.48121070781449937,0.25446447353908036,0.8495934929265403,0.2645923015058086,0.6964536611472001,0.3721543759536928,0.2791350419632049,0.8135416586951479,0.28728839267684264,0.09722290169356221,0.5937844905885672,0.1719923154519766,0.2884187139029363,0.3321205441164663,0.1201091439444417,0.6224286481605874,0.594998858342725,0.392049182246628,0.31677724268488827,0.5114353127879101,0.10329786576928518,0.12043237869976685,0.1236287346378421,0.3672997123627736,0.17453990265352864,0.2851850951115019,0.19296245471445714,0.46610569534026797,0.3948890977631477,0.880594314982588,0.39060320722982134,0.5640195856437101,0.42139228028458087,0.9801319038494055,0.5481612143743407,0.7502846957508938,0.9788730960378186,0.7033746831564093,0.9414465356769747,0.5676223553649306,0.927436154619049,0.6562245163550873,0.9597740880676209,0.9032115055512961,0.7820436782203766,0.5399670830529142,0.8036922141112355,0.43759589243761393,0.6157340440581102,0.7171681367494332,0.6198551092311536,0.7764255992345279,0.5516880394922288,0.47761126246734636,0.6655710138443319,0.38399657012023153,0.30014991312779743,0.5272783094080505,0.4646891803443697,0.30995617649403107,0.22189768550294198,0.25892626807460395,0.34271153980838764,0.31179584258069765,0.48291662919771194,0.6631530909250222,0.9687436267671526,0.6144596430668173,0.8539657880108985
19,0.6646370153470388,0.4872725237055791,0.8439438693414675,0.690006314428769,0.6744608079480098,0.9733559350887497,0.345089408782462,0.784502802927549,0.9584531526879231,0.5003225234355958,0.9999999999999998,0.6971810430491113,0.8429717760685465,0.326245697445681,0.901600423304673,0.854484209703943,0.8720224850183631,0.3044066597424752,0.9024100332487035,0.6971338560278596,0.8432611848165836,0.2980373304878963,0.2056836030301094,0.5056325247697617,0.40807148051544917,0.6956702988656716,0.13558544803659642,0.08920945233550334,0.8217113781147793,0.9896230390032039,0.7642964626661063,0.2443320924526721,0.21092968310670543,0.2689712177459149,0.941282748090665,0.23613555396414365,0.7891646240122896,0.9040774622299618,0.26245137825462533,0.5463524250631898,0.876857594196353,0.9898664984804115,0.5575163434455005,0.9407373617409293,0.2298766230544326,0.2618472902052032,0.25462624592208416,0.96888735261112,0.41619316493985903,0.35258927190725214,0.4639749670896977,0.9983258896310733,0.7779864842336199,0.8102997297136857,0.6349549349980611,0.9141863175844699,0.7816549306155779,0.31947215500941445,0.7452984525370434,0.9170204610897559,0.585903849172887,0.9218152857439735,0.7400636185243034,0.8974718207616258,0.6791623731714139,0.9414619328516742,0.5890503602796257,0.7569013456253733,0.9091801160525235,0.9982974835412187,0.8591370477943598,0.9558933344002415,0.9597462588534825,0.924122483813558,0.9695524389729774,0.5667948801829317,0.9469505315895783,0.5079049713749925,0.3074675579645089,0.34724122179749906,0.28616249027249796,0.4879511445552379,0.3918105344330434,0.2865628891134164,0.3210143172366627,0.38917371215792146,0.3728864878973834,0.3729525880619412,0.49383120818918874,0.9335300322907845,0.30675071895536093,0.9530091245777854,0.7515270347914212
2,0.9950254198985813,0.698968614564413,0.85643991330857,0.9923179918120043,0.6202440637046533,0.8359988024597986,0.8237176438905814,0.8972783795434242,0.4650329517223233,0.6359276764116136,0.6971810430491113,0.9999999999999998,0.8833009986147712,0.8927279405065025,0.9167614300700367,0.9642405300117735,0.9545533238403038,0.5601875158964217,0.789818657434519,0.9001566865939393,0.7720980110477774,0.3247454127518748,0.6453903919118732,0.3517703879520751,0.3915156378962479,0.4100355337542504,0.41079272054229965,0.3141490283098609,0.5767008621889872,0.6540534322448422,0.40926000113757316,0.44716260446415085,0.25901530771520503,0.25021716968820895,0.7968287537735451,0.22324556311244953,0.41813353852075463,0.4715514095988441,0.7918690229067998,0.9811840448424912,0.9515609927525046,0.6747794242099528,0.7895938966443583,0.5277783683630015,0.7167789959371481,0.7917798898782094,0.7791076386633539,0.7617165791513802,0.841012146539217,0.8764883878608463,0.8678319724695724,0.708901559759773,0.940151813444032,0.8760826534257318,0.9557682057393798,0.9227254257183991,0.9475554753156439,0.5248851607046293,0.9505646001558336,0.7617697725264306,0.6914020322383887,0.5876463996131278,0.6639987534319423,0.5926607026559088,0.6048512548993038,0.5720186091618905,0.5865952587602067,0.6940372450161055,0.736315522655708,0.732367076539014,0.6103201947077694,0.4964025545268168,0.5760486500787911,0.8930693023480971,0.7714250702446829,0.7414816687710672,0.7843823500876427,0.9577196935431396,0.8819735102741068,0.8942166618560933,0.8560233017752875,0.9629438719803536,0.922141623199412,0.8600631507587475,0.844968168796768,0.8794176479067948,0.893588152302223,0.8898859813020116,0.9551548456856139,0.9022376323255946,0.5054631662069903,0.555481531296866,0.9344640953359061
20,0.884255462228406,0.37714521865222106,0.7377054409193924,0.9147871842688752,0.41483400548722404,0.8882220601423187,0.7879425273057991,0.7365702442401634,0.6816730550584873,0.32784755331025617,0.8429717760685465,0.8833009986147712,1.0000000000000002,0.6112571102064626,0.980082102814974,0.9064465645340195,0.9218840553837592,0.17861595205278852,0.7297262068097337,0.8541110768944402,0.6873901265466914,0.1756566689791364,0.34772849537791145,0.3420882579345043,0.24658349569018245,0.5135355150839743,0.0,0.11656027040568377,0.5381487655406854,0.8597715246647013,0.5422388373492628,0.08845514888891935,0.11912089621379807,0.223773137954021,0.8349173710772395,0.15166403951954668,0.5602730026175401,0.6577049907136913,0.7270316344260045,0.8003458641941984,0.9543678532498461,0.8622266553266474,0.7405480864572694,0.6515389792943345,0.6252714299395927,0.7241440103881642,0.6961634018013141,0.9380020330943695,0.8031832054571013,0.7694932946762182,0.8484049232021857,0.8679317146160747,0.9861398336944688,0.7317986889107125,0.9180623591447137,0.9555396730918767,0.9688348202649842,0.1563580449205188,0.8844778265045056,0.7295591594554606,0.41214156405587354,0.6154960833578061,0.4891527181404047,0.6475563355662279,0.40437633264574435,0.6362583112626807,0.3323788934935256,0.5262494892542302,0.6939728766137976,0.8527184980926934,0.5558336840103237,0.6723796504355534,0.6694717429901436,0.8672613359549856,0.8233578031646371,0.5051908363880843,0.8458575842544749,0.8331496235779497,0.5876916308175074,0.7435316633311382,0.716180171996964,0.796983661112422,0.7529648839231842,0.7111937295280008,0.7599697519253421,0.7977534888025799,0.7743108907285349,0.779422045521993,0.8218267653543343,0.9083448840929697,0.12949762651192873,0.6502802496354487,0.7639728029360627
21,0.8890786717717034,0.7374276405205957,0.6845617171741357,0.8777318862853707,0.5239504475717286,0.5306406773995318,0.8069929963675462,0.7717616473916913,0.05126764040353132,0.6553188620668219,0.326245697445681,0.8927279405065025,0.6112571102064626,1.0,0.6495069320859534,0.7650490843333779,0.7460798699358796,0.6393410596237008,0.5609916518007719,0.7026080090330971,0.5293872177927359,0.20294231629612763,0.6897058328299652,0.09732442648286109,0.24067271523632103,0.05696016918107276,0.5413988134519342,0.2897721138563647,0.29260534804607446,0.2564870732639067,0.027721688833394292,0.49923033940160416,0.15413475668750776,0.06995555839912032,0.47443355161022793,0.0718890111169005,0.028323177846333314,0.050983234710805916,0.8033423548742451,0.9587625071350381,0.7251246080720353,0.27782541448288933,0.6131104969580611,0.1421657239153458,0.693319193599852,0.8008421663741013,0.7758557999344257,0.3925016056160944,0.7617472194825233,0.8845727558145129,0.7778915644949315,0.3354199651835734,0.7319757547938189,0.7313987941086195,0.8202306322801501,0.6539709217271559,0.7278579169945625,0.6280980496715199,0.763338039192867,0.4844618821961632,0.6503504501311764,0.27346420374222874,0.5268284146751779,0.2427099444562914,0.4757685071053207,0.23744315558203952,0.5164840757130659,0.5293820923887724,0.46930370009019207,0.37586510168453646,0.3542067753389328,0.08892035057499018,0.22669800152619307,0.6425460401542978,0.4410201543184424,0.6466522099385758,0.4475895771041096,0.9331304488217842,0.999438938588385,0.9354879009181613,0.906416199334602,0.9509078701090782,0.9583846331454104,0.9079732940106557,0.8581207033883612,0.8564296887691406,0.9116177064577085,0.8943875268288589,0.9396403929567144,0.6428692171472795,0.5989605299294167,0.20671335670746363,0.8317160863166687
22,0.9035088711631117,0.5362728594614457,0.856024043676606,0.9279984946055087,0.5869633304967955,0.9555695016914353,0.7122189255034294,0.8494916429849415,0.7454341185503438,0.49896243496776466,0.901600423304673,0.9167614300700367,0.980082102814974,0.6495069320859534,0.9999999999999999,0.9651117280002737,0.9767754216441424,0.3386333191580434,0.8501179501804929,0.8616840252055049,0.7964800437688804,0.2451406206136813,0.39778135268873643,0.3936857372242596,0.33345968718427216,0.5514481868891263,0.15831315184567668,0.14935506108279636,0.6618313302502988,0.8926629018815295,0.5881119794781825,0.23855704384531087,0.1713051387797219,0.23265612137131766,0.9024070190679219,0.1819954738360517,0.6076718263641253,0.7097377586232223,0.646437799766127,0.8270224938033717,0.9917167068280279,0.897887834725899,0.7284106571759901,0.7394611037452276,0.5559580467855263,0.6440194031652658,0.6205975072080845,0.9527415809682225,0.7375466107036992,0.720340501274252,0.7838785750089646,0.9160388915210322,0.97131709897878,0.8490620553857046,0.8960166779801527,0.9923579208097768,0.9618760463329071,0.3321159770213751,0.9091867473740828,0.8394639291863958,0.575189625957615,0.7395923529750271,0.6522287716655296,0.7396014145696114,0.5726151194316265,0.7513334923248858,0.5074588972112322,0.6780913724370036,0.8147825114865731,0.9158653626089075,0.6992987865972915,0.7463065255860011,0.7741303776588696,0.9471951465999694,0.9011904721301426,0.6143325988445546,0.9050801164118557,0.8247392372339982,0.6295202121872229,0.7149833185560934,0.670672087393223,0.8007395082473227,0.7419509453921685,0.6682192102403965,0.6979806709230417,0.7437728951621685,0.7365980052340507,0.7355443395343524,0.814538119803135,0.9730142338685395,0.30651012263192345,0.7574141708090433,0.8630650856518233
23,0.9456812077320695,0.7248166019550077,0.9403151531418877,0.9474141676462958,0.7348878695277244,0.9494805127581225,0.6779140617287418,0.9481252191202157,0.6754423679880801,0.6883237725424985,0.854484209703943,0.9642405300117735,0.9064465645340195,0.7650490843333779,0.9651117280002737,1.0,0.995927428087569,0.570746134036074,0.9124069194720681,0.8892310084460617,0.8824700201927345,0.3749071235394166,0.5643150451725945,0.4550002673301226,0.4648249934160869,0.5517030375647398,0.40815256809375994,0.28501083715674547,0.7410059139286566,0.8099999119161871,0.5751477353813925,0.46961181918292905,0.29295327694204637,0.2894126665718085,0.91526154422408,0.2674439468638557,0.5896811890388439,0.6638822567690792,0.627760155563088,0.8983767875372959,0.9886622048172898,0.8275092635167605,0.7591180802625225,0.7280360266243985,0.5745632725876947,0.6282399523517466,0.621436943201757,0.8746308977885727,0.7231740413247629,0.7300411227635675,0.7568023009789707,0.8581734564078599,0.9278750542763828,0.942914167668713,0.8924204112175882,0.981591763547498,0.9406144720040434,0.5504792533054654,0.9459187493791196,0.896944248551139,0.7564804071527642,0.7766662161707404,0.7856053473083658,0.7649342982991345,0.72777719331939,0.7676703468528341,0.6872031239069544,0.8116212912210597,0.8793408017304222,0.8812532115716848,0.780549251905083,0.7034860303689042,0.7719240059817374,0.9800199024593966,0.9084562107312422,0.7726780788529426,0.9050514555780523,0.8538449243270296,0.7526963559815893,0.7475260156135805,0.6941586287104332,0.8577438715776396,0.7889255594410644,0.6991605536168726,0.6910991323790336,0.7432331905287946,0.7519179671542348,0.748248167973058,0.8477829557805967,0.9827509713994854,0.53504539442258,0.7556787276123739,0.9585997775086378
24,0.9312211545752807,0.7036966240185291,0.937191323869698,0.9457458131470783,0.7237741513554308,0.9576013693882885,0.678527053621695,0.9410792025355752,0.6985973936323924,0.6682393063832381,0.8720224850183631,0.9545533238403038,0.9218840553837592,0.7460798699358796,0.9767754216441424,0.995927428087569,1.0,0.518989840277364,0.9142223861354812,0.8562306595462198,0.8538495871415234,0.2970290996466146,0.4897349519333699,0.3935824557792221,0.39270474983803344,0.5118057023862611,0.3473297347078145,0.19930150504229346,0.7124269972528637,0.8328117220257227,0.5450699887042983,0.4028436548406826,0.21212241409544483,0.21692962284562103,0.9029721748212566,0.19085148360045287,0.5631983144198166,0.6582615690348834,0.6175236216432388,0.8825877680196784,0.995525049833477,0.8428060943214156,0.7118392721540047,0.7269070022636317,0.5310908901937778,0.6153981126790934,0.5948285477068691,0.8913786770925236,0.7008621333657207,0.7188722263553569,0.7441547634027003,0.8774880718792049,0.9375266626818088,0.9377898307899231,0.8809546948363977,0.9843129509434012,0.9348790144713445,0.5244577739149258,0.9203638054710748,0.8844136754106283,0.7262813651912201,0.776729653501245,0.7729680767971906,0.7460777619565779,0.7005388497673151,0.7739549470929514,0.6565379050326304,0.7864541361023363,0.8695693401316723,0.8957025617353075,0.770323542887639,0.7132835732690367,0.7835510555273696,0.9781094502248401,0.9049744353143023,0.7159684830589556,0.8944276274628822,0.8486880363881094,0.7316811097915533,0.7388230495319056,0.6826435780362978,0.8404975290393438,0.7795674172656983,0.6827539733949237,0.6853159059970326,0.7306356727067835,0.7462958903766311,0.7376848150082896,0.8418584055197164,0.9882092443113181,0.4987590955892377,0.7680248796594802,0.9511999893221175
249,0.5313248701567577,0.9254167627315631,0.720197937104272,0.4574265508184433,0.8448519646716499,0.4553952696570398,0.12017403858088904,0.7530383650373681,0.1787912258897598,0.9247403197877828,0.3044066597424752,0.5601875158964217,0.17861595205278852,0.6393410596237008,0.3386333191580434,0.570746134036074,0.518989840277364,1.0,0.6572521581515063,0.4910648985752146,0.7272136935975358,0.633065298991969,0.7612598925919789,0.4762183373097909,0.686484845933761,0.33923154602762523,0.980669440892604,0.5751608734598316,0.6710785153616831,0.17185773794391312,0.31598211369671697,0.9661936449366529,0.5651349007538323,0.36221525911755725,0.5121247301215406,0.4454760819596411,0.3078962769897734,0.25433646602397464,0.14257202823137416,0.5837291797479043,0.44380567544445276,0.21983541274191848,0.44094955162658256,0.3901940420211951,0.26290659698348895,0.15340481649966525,0.2119797542444461,0.19584130543594455,0.2282663514648908,0.28464041283925084,0.20231559444643926,0.26793182089985645,0.26601198156833145,0.7431372053720877,0.3582567585110715,0.43032845113077256,0.3509531310292493,0.9423896449665895,0.543557962262223,0.6498635018535476,0.9421120719352409,0.5544446165593326,0.8269829794757605,0.5149299358494447,0.8769685804519606,0.4867027166193297,0.9250438862355481,0.8437614874593111,0.6663227821351723,0.3520953731928823,0.6879920896926072,0.2803293910492285,0.4287848804252595,0.580485051936976,0.49661356877598634,0.8759267549551006,0.46823011968896217,0.41758033797632194,0.6576361776182861,0.3611357717904699,0.3034460720812569,0.5109867545772359,0.4310726386942707,0.3317369297167263,0.20969022915224594,0.265019890039932,0.3110187314587763,0.3040619434076387,0.4262533691030366,0.5034188795831888,0.9744534655263128,0.42484778106400634,0.7347200256062317
25,0.7405901878492994,0.8152023360146027,0.9868629747892245,0.7465646140108162,0.9157884834383645,0.9515109307539508,0.32841337291193823,0.9577800020322934,0.8095917152227546,0.8236463741953967,0.9024100332487035,0.789818657434519,0.7297262068097337,0.5609916518007719,0.8501179501804929,0.9124069194720681,0.9142223861354812,0.6572521581515063,1.0,0.6923706225084425,0.9267701945132738,0.3781642404492854,0.40766967066292265,0.46906520917889005,0.4972590159005588,0.5724787776836673,0.507112239915695,0.18795831499865015,0.8740787430883473,0.832629582916204,0.6284699897473652,0.5586944494272484,0.2729414913974543,0.21808703156024856,0.9119151235640313,0.23184159874899643,0.6493720920694018,0.7474756538142576,0.2589775309622518,0.6873582203236085,0.8820930920189367,0.8424484867682088,0.5336108628742263,0.8602247956790998,0.22272930563033605,0.2584266042001674,0.253126571397732,0.8217667822962097,0.38221381230637547,0.39897324440906673,0.42347326924780904,0.8856337741986858,0.7234932236466457,0.9732163719381504,0.6301425573561713,0.8885616437914341,0.7370174866129895,0.6949143901489709,0.7731602126383287,0.9705742570689757,0.8683560892708919,0.944091206477229,0.9475139304058099,0.8612255695188981,0.8980073728747313,0.9336322783188796,0.855984927711557,0.9394680015445189,0.9801199515740187,0.9217967494646552,0.9531514729389968,0.8339021847110841,0.9263760977341264,0.9666913670499219,0.9420423409800508,0.7577953384940675,0.8947435459470604,0.5936134489938765,0.5534289847578873,0.44449304602053585,0.363646348863777,0.6038608381272947,0.5125697234263583,0.36821506622508515,0.34783721773049125,0.40912740499855776,0.44094710990060076,0.4252693002020666,0.5871581747112704,0.9478590546013477,0.6792470346591115,0.9206466555581432,0.9261613830037078
250,0.9269662439510419,0.5025910194744754,0.7304918768430805,0.8813751349658993,0.47712321238621447,0.7983180237836688,0.7403801405549737,0.7532237037979954,0.5094166820895187,0.4501306898247694,0.6971338560278596,0.9001566865939393,0.8541110768944402,0.7026080090330971,0.8616840252055049,0.8892310084460617,0.8562306595462198,0.4910648985752146,0.6923706225084425,1.0,0.8254482629255071,0.6201937439809724,0.7700475925612371,0.6770917609442644,0.6557154506653637,0.7114623682264902,0.37437057430979803,0.6083898179519616,0.6825657403127731,0.6787212298282953,0.6821106212996063,0.489140665475015,0.5817943814441984,0.6256703624888419,0.8643346200211853,0.5840703686177828,0.6784843673431765,0.6507203004427919,0.7452225399012459,0.8585792691886798,0.8684363353974317,0.7247365118098305,0.9722338231016945,0.6245349713924659,0.839429874027128,0.7574381191689311,0.8100811860720792,0.7874793771893754,0.8857970995835169,0.7947565747349555,0.8730385261320424,0.7094262377620739,0.8773448136370314,0.7373318441337803,0.9360101816396037,0.8916863135932771,0.9499568490853287,0.3242431093170042,0.9885426525041389,0.7717471813171666,0.5856903201288884,0.5902803668801925,0.5542851074844765,0.7248133606026078,0.5583094979856512,0.5724045484501098,0.5123622065865309,0.6595729942977255,0.723502978850888,0.7253633662882003,0.5971187808283295,0.5789685601949879,0.5715597236631461,0.8397538644373668,0.8034075342868602,0.8190166202649446,0.863652999450354,0.8244569173662536,0.6926926052220685,0.759454127372743,0.7478806578469372,0.8614868060513837,0.7741095689580414,0.7715070492189032,0.753300134379928,0.8282136301572933,0.769128262735396,0.8012372133218018,0.8185467842613988,0.8344214884575273,0.35748794532664097,0.5493765615559922,0.7807480956299794
251,0.7526082647989745,0.7519321888503917,0.916285652561368,0.7083354698345049,0.8432178890162448,0.9007810525191569,0.31903181001109954,0.8921247680180473,0.7505761075259045,0.7581723531878607,0.8432611848165836,0.7720980110477774,0.6873901265466914,0.5293872177927359,0.7964800437688804,0.8824700201927345,0.8538495871415234,0.7272136935975358,0.9267701945132738,0.8254482629255071,1.0,0.6909321066316899,0.6492918264075019,0.7548982371953701,0.777358440437014,0.794845877370705,0.6143450989961242,0.531456314281218,0.9633345949864272,0.7762805987330954,0.8105353617216247,0.7164351237717439,0.6092138986977722,0.5654095642972907,0.9587354365762817,0.5781032081630074,0.8162959429382698,0.8241894000588716,0.294914033509076,0.6785344562010792,0.825285626667245,0.8159958654092463,0.7436874733598496,0.8815747711821594,0.41355496744672354,0.306262376467765,0.36330361972715874,0.7879125638500519,0.4840924699921086,0.41487090223721096,0.48305964441279126,0.8249449065491444,0.6819399592507234,0.9032131068094152,0.6650782240823885,0.8641198995970979,0.7613266576905886,0.6373609070303798,0.8565023390778058,0.9825262495409726,0.8653734336476238,0.9141169761237162,0.8954740263070986,0.9439707616720665,0.9092182585509822,0.8884198406501964,0.8630920601600376,0.9551658011176686,0.9721498662351572,0.867080904066583,0.9391398213473428,0.8237684335238621,0.8677296993464889,0.9334184710740182,0.9476292360497702,0.9162525532627619,0.9441099224523627,0.5614661018600765,0.5266063465776831,0.42648437577993203,0.36855196167695203,0.6138598710635397,0.48619817450462255,0.393592967103281,0.34856949662322717,0.44269108139683905,0.4214046521444805,0.4353294976854036,0.5553819721119908,0.8931556735780621,0.6703305593252451,0.8585871654796479,0.8616017530420214
252,0.35997824583465415,0.3730887959503989,0.37721072767033903,0.2329297258575862,0.40647994036074786,0.3498353627324608,0.025230010510965715,0.3711383968751023,0.2652720619579657,0.3851384759375902,0.2980373304878963,0.3247454127518748,0.1756566689791364,0.20294231629612763,0.2451406206136813,0.3749071235394166,0.2970290996466146,0.633065298991969,0.3781642404492854,0.6201937439809724,0.6909321066316899,0.9999999999999999,0.8177022534907666,0.950187201986051,0.9902803386021098,0.8218509194602241,0.6596389156126545,0.9532890876939294,0.7247289867610618,0.24531280693862573,0.7561481716174209,0.793855998499179,0.9931917434884552,0.94575891353668,0.5709149171798954,0.9743278109267656,0.7297101714796429,0.5561059160999403,0.10116214125480653,0.29644441168956476,0.2715696147449891,0.3254780495165615,0.7185398290891705,0.510722351184153,0.47619716984655147,0.13044244335829755,0.2853037066646615,0.2745232628622751,0.3299412309403223,0.1476288794054811,0.24536370845901717,0.2749216701943864,0.1814998316995042,0.37191512051814557,0.32100023977934994,0.35210241582651697,0.35667651793609784,0.3568908664399978,0.5529668856073082,0.5606200694110283,0.5460022502052227,0.46377872574341245,0.4587437141416882,0.6658191473617054,0.5982601108127218,0.41154020666064156,0.5792717744676273,0.6069439454067154,0.5289646517575036,0.32235091439097174,0.5296666458310525,0.40644974551550994,0.3634449939988212,0.4139327140479122,0.4951241557467296,0.8293510062113324,0.5601262936901562,0.15934270071807385,0.21571996553384654,0.1085054212713039,0.11076215862266336,0.2806488856005438,0.13707002081896338,0.16547957743947744,0.07434129486342764,0.18895639092227287,0.09233593575874409,0.15054134482097056,0.15894831205407864,0.3358964389351186,0.4701957209739139,0.3556499985222713,0.3445905477356271
